,,.,A1_1,A1_2,A1_3,B1_1,B1_2,B1_3,A2_1,A2_2,A2_3,B2_1,B2_2,B2_3,y1,y2,y3
0,.,1.0,-0.682,-0.727,-0.755,-0.727,-0.672,-0.75,-0.726,-0.792,-0.75,-0.79,-0.76,-0.776,0.908,0.933,0.931
0,A1_1,-0.682,1.0,0.858,0.861,0.787,0.854,0.831,0.9,0.887,0.889,0.883,0.868,0.844,-0.652,-0.684,-0.692
0,A1_2,-0.727,0.858,1.0,0.961,0.95,0.876,0.926,0.96,0.953,0.959,0.95,0.948,0.94,-0.73,-0.737,-0.739
0,A1_3,-0.755,0.861,0.961,1.0,0.937,0.883,0.917,0.925,0.942,0.931,0.94,0.932,0.943,-0.733,-0.756,-0.761
0,B1_1,-0.727,0.787,0.95,0.937,1.0,0.906,0.957,0.914,0.903,0.931,0.945,0.952,0.953,-0.753,-0.739,-0.766
0,B1_2,-0.672,0.854,0.876,0.883,0.906,1.0,0.912,0.87,0.868,0.886,0.925,0.903,0.915,-0.697,-0.689,-0.706
0,B1_3,-0.75,0.831,0.926,0.917,0.957,0.912,1.0,0.923,0.921,0.936,0.966,0.964,0.961,-0.779,-0.761,-0.793
0,A2_1,-0.726,0.9,0.96,0.925,0.914,0.87,0.923,1.0,0.954,0.971,0.944,0.948,0.922,-0.725,-0.745,-0.75
0,A2_2,-0.792,0.887,0.953,0.942,0.903,0.868,0.921,0.954,1.0,0.969,0.955,0.94,0.933,-0.776,-0.788,-0.807
0,A2_3,-0.75,0.889,0.959,0.931,0.931,0.886,0.936,0.971,0.969,1.0,0.96,0.956,0.942,-0.772,-0.765,-0.785
0,B2_1,-0.79,0.883,0.95,0.94,0.945,0.925,0.966,0.944,0.955,0.96,1.0,0.962,0.967,-0.786,-0.79,-0.805
0,B2_2,-0.76,0.868,0.948,0.932,0.952,0.903,0.964,0.948,0.94,0.956,0.962,1.0,0.97,-0.768,-0.776,-0.795
0,B2_3,-0.776,0.844,0.94,0.943,0.953,0.915,0.961,0.922,0.933,0.942,0.967,0.97,1.0,-0.78,-0.778,-0.79
0,y1,0.908,-0.652,-0.73,-0.733,-0.753,-0.697,-0.779,-0.725,-0.776,-0.772,-0.786,-0.768,-0.78,1.0,0.928,0.929
0,y2,0.933,-0.684,-0.737,-0.756,-0.739,-0.689,-0.761,-0.745,-0.788,-0.765,-0.79,-0.776,-0.778,0.928,1.0,0.946
0,y3,0.931,-0.692,-0.739,-0.761,-0.766,-0.706,-0.793,-0.75,-0.807,-0.785,-0.805,-0.795,-0.79,0.929,0.946,1.0
1,.,1.0,-0.592,-0.801,-0.822,-0.773,-0.658,-0.772,-0.746,-0.782,-0.765,-0.811,-0.799,-0.781,0.862,0.901,0.865
1,A1_1,-0.592,1.0,0.833,0.831,0.706,0.834,0.769,0.868,0.827,0.847,0.806,0.795,0.75,-0.547,-0.63,-0.634
1,A1_2,-0.801,0.833,1.0,0.967,0.91,0.854,0.915,0.934,0.947,0.951,0.945,0.938,0.903,-0.765,-0.815,-0.788
1,A1_3,-0.822,0.831,0.967,1.0,0.897,0.856,0.906,0.904,0.947,0.924,0.934,0.927,0.907,-0.753,-0.832,-0.811
1,B1_1,-0.773,0.706,0.91,0.897,1.0,0.883,0.951,0.846,0.858,0.888,0.943,0.946,0.943,-0.8,-0.832,-0.799
1,B1_2,-0.658,0.834,0.854,0.856,0.883,1.0,0.889,0.857,0.835,0.85,0.916,0.907,0.907,-0.66,-0.731,-0.683
1,B1_3,-0.772,0.769,0.915,0.906,0.951,0.889,1.0,0.876,0.888,0.905,0.961,0.956,0.947,-0.8,-0.823,-0.815
1,A2_1,-0.746,0.868,0.934,0.904,0.846,0.857,0.876,1.0,0.945,0.957,0.916,0.913,0.868,-0.725,-0.774,-0.758
1,A2_2,-0.782,0.827,0.947,0.947,0.858,0.835,0.888,0.945,1.0,0.967,0.909,0.912,0.87,-0.772,-0.827,-0.821
1,A2_3,-0.765,0.847,0.951,0.924,0.888,0.85,0.905,0.957,0.967,1.0,0.914,0.912,0.873,-0.801,-0.831,-0.829
1,B2_1,-0.811,0.806,0.945,0.934,0.943,0.916,0.961,0.916,0.909,0.914,1.0,0.967,0.963,-0.769,-0.828,-0.785
1,B2_2,-0.799,0.795,0.938,0.927,0.946,0.907,0.956,0.913,0.912,0.912,0.967,1.0,0.965,-0.796,-0.834,-0.823
1,B2_3,-0.781,0.75,0.903,0.907,0.943,0.907,0.947,0.868,0.87,0.873,0.963,0.965,1.0,-0.769,-0.803,-0.767
1,y1,0.862,-0.547,-0.765,-0.753,-0.8,-0.66,-0.8,-0.725,-0.772,-0.801,-0.769,-0.796,-0.769,1.0,0.903,0.879
1,y2,0.901,-0.63,-0.815,-0.832,-0.832,-0.731,-0.823,-0.774,-0.827,-0.831,-0.828,-0.834,-0.803,0.903,1.0,0.914
1,y3,0.865,-0.634,-0.788,-0.811,-0.799,-0.683,-0.815,-0.758,-0.821,-0.829,-0.785,-0.823,-0.767,0.879,0.914,1.0
2,.,1.0,-0.613,-0.809,-0.829,-0.768,-0.664,-0.775,-0.778,-0.784,-0.77,-0.806,-0.806,-0.777,0.859,0.897,0.847
2,A1_1,-0.613,1.0,0.844,0.849,0.724,0.835,0.776,0.882,0.839,0.863,0.811,0.805,0.763,-0.572,-0.649,-0.646
2,A1_2,-0.809,0.844,1.0,0.97,0.906,0.839,0.909,0.945,0.945,0.955,0.929,0.932,0.898,-0.768,-0.824,-0.787
2,A1_3,-0.829,0.849,0.97,1.0,0.895,0.848,0.907,0.929,0.951,0.937,0.927,0.929,0.909,-0.765,-0.839,-0.815
2,B1_1,-0.768,0.724,0.906,0.895,1.0,0.892,0.958,0.859,0.845,0.882,0.953,0.951,0.953,-0.795,-0.839,-0.782
2,B1_2,-0.664,0.835,0.839,0.848,0.892,1.0,0.903,0.853,0.816,0.839,0.925,0.913,0.917,-0.673,-0.747,-0.676
2,B1_3,-0.775,0.776,0.909,0.907,0.958,0.903,1.0,0.886,0.874,0.894,0.973,0.965,0.96,-0.796,-0.837,-0.802
2,A2_1,-0.778,0.882,0.945,0.929,0.859,0.853,0.886,1.0,0.948,0.959,0.909,0.918,0.881,-0.764,-0.81,-0.778
2,A2_2,-0.784,0.839,0.945,0.951,0.845,0.816,0.874,0.948,1.0,0.968,0.888,0.894,0.86,-0.785,-0.837,-0.822
2,A2_3,-0.77,0.863,0.955,0.937,0.882,0.839,0.894,0.959,0.968,1.0,0.899,0.901,0.87,-0.813,-0.851,-0.837
2,B2_1,-0.806,0.811,0.929,0.927,0.953,0.925,0.973,0.909,0.888,0.899,1.0,0.969,0.97,-0.77,-0.837,-0.768
2,B2_2,-0.806,0.805,0.932,0.929,0.951,0.913,0.965,0.918,0.894,0.901,0.969,1.0,0.968,-0.795,-0.844,-0.81
2,B2_3,-0.777,0.763,0.898,0.909,0.953,0.917,0.96,0.881,0.86,0.87,0.97,0.968,1.0,-0.771,-0.819,-0.755
2,y1,0.859,-0.572,-0.768,-0.765,-0.795,-0.673,-0.796,-0.764,-0.785,-0.813,-0.77,-0.795,-0.771,1.0,0.916,0.876
2,y2,0.897,-0.649,-0.824,-0.839,-0.839,-0.747,-0.837,-0.81,-0.837,-0.851,-0.837,-0.844,-0.819,0.916,1.0,0.913
2,y3,0.847,-0.646,-0.787,-0.815,-0.782,-0.676,-0.802,-0.778,-0.822,-0.837,-0.768,-0.81,-0.755,0.876,0.913,1.0
3,.,1.0,-0.621,-0.808,-0.821,-0.758,-0.659,-0.772,-0.768,-0.767,-0.749,-0.797,-0.799,-0.758,0.806,0.842,0.788
3,A1_1,-0.621,1.0,0.857,0.868,0.718,0.81,0.759,0.894,0.848,0.873,0.779,0.79,0.74,-0.576,-0.65,-0.632
3,A1_2,-0.808,0.857,1.0,0.968,0.864,0.79,0.868,0.947,0.94,0.949,0.867,0.893,0.845,-0.752,-0.808,-0.764
3,A1_3,-0.821,0.868,0.968,1.0,0.854,0.817,0.869,0.936,0.956,0.94,0.876,0.898,0.862,-0.751,-0.826,-0.789
3,B1_1,-0.758,0.718,0.864,0.854,1.0,0.897,0.961,0.825,0.791,0.827,0.95,0.956,0.96,-0.784,-0.838,-0.756
3,B1_2,-0.659,0.81,0.79,0.817,0.897,1.0,0.905,0.81,0.764,0.786,0.927,0.918,0.922,-0.667,-0.739,-0.646
3,B1_3,-0.772,0.759,0.868,0.869,0.961,0.905,1.0,0.848,0.82,0.837,0.97,0.967,0.961,-0.782,-0.838,-0.779
3,A2_1,-0.768,0.894,0.947,0.936,0.825,0.81,0.848,1.0,0.947,0.96,0.851,0.876,0.829,-0.754,-0.802,-0.76
3,A2_2,-0.767,0.848,0.94,0.956,0.791,0.764,0.82,0.947,1.0,0.968,0.827,0.84,0.801,-0.764,-0.822,-0.792
3,A2_3,-0.749,0.873,0.949,0.94,0.827,0.786,0.837,0.96,0.968,1.0,0.835,0.846,0.81,-0.803,-0.847,-0.815
3,B2_1,-0.797,0.779,0.867,0.876,0.95,0.927,0.97,0.851,0.827,0.835,1.0,0.96,0.965,-0.74,-0.816,-0.719
3,B2_2,-0.799,0.79,0.893,0.898,0.956,0.918,0.967,0.876,0.84,0.846,0.96,1.0,0.968,-0.77,-0.833,-0.773
3,B2_3,-0.758,0.74,0.845,0.862,0.96,0.922,0.961,0.829,0.801,0.81,0.965,0.968,1.0,-0.754,-0.814,-0.719
3,y1,0.806,-0.576,-0.752,-0.751,-0.784,-0.667,-0.782,-0.754,-0.764,-0.803,-0.74,-0.77,-0.754,1.0,0.919,0.876
3,y2,0.842,-0.65,-0.808,-0.826,-0.838,-0.739,-0.838,-0.802,-0.822,-0.847,-0.816,-0.833,-0.814,0.919,1.0,0.914
3,y3,0.788,-0.632,-0.764,-0.789,-0.756,-0.646,-0.779,-0.76,-0.792,-0.815,-0.719,-0.773,-0.719,0.876,0.914,1.0
4,.,1.0,-0.614,-0.793,-0.797,-0.742,-0.642,-0.748,-0.739,-0.732,-0.714,-0.765,-0.782,-0.725,0.75,0.786,0.732
4,A1_1,-0.614,1.0,0.862,0.872,0.696,0.767,0.728,0.893,0.848,0.873,0.735,0.758,0.701,-0.595,-0.658,-0.64
4,A1_2,-0.793,0.862,1.0,0.965,0.817,0.741,0.822,0.942,0.937,0.948,0.808,0.846,0.789,-0.752,-0.802,-0.759
4,A1_3,-0.797,0.872,0.965,1.0,0.816,0.777,0.832,0.935,0.955,0.942,0.824,0.861,0.817,-0.759,-0.825,-0.791
4,B1_1,-0.742,0.696,0.817,0.816,1.0,0.904,0.962,0.768,0.734,0.771,0.951,0.958,0.962,-0.771,-0.833,-0.746
4,B1_2,-0.642,0.767,0.741,0.777,0.904,1.0,0.907,0.749,0.705,0.729,0.929,0.922,0.924,-0.662,-0.733,-0.643
4,B1_3,-0.748,0.728,0.822,0.832,0.962,0.907,1.0,0.79,0.763,0.782,0.965,0.965,0.956,-0.773,-0.834,-0.772
4,A2_1,-0.739,0.893,0.942,0.935,0.768,0.749,0.79,1.0,0.949,0.959,0.785,0.815,0.763,-0.754,-0.794,-0.755
4,A2_2,-0.732,0.848,0.937,0.955,0.734,0.705,0.763,0.949,1.0,0.968,0.769,0.78,0.74,-0.754,-0.806,-0.772
4,A2_3,-0.714,0.873,0.948,0.942,0.771,0.729,0.782,0.959,0.968,1.0,0.776,0.787,0.751,-0.802,-0.841,-0.807
4,B2_1,-0.765,0.735,0.808,0.824,0.951,0.929,0.965,0.785,0.769,0.776,1.0,0.956,0.963,-0.72,-0.803,-0.703
4,B2_2,-0.782,0.758,0.846,0.861,0.958,0.922,0.965,0.815,0.78,0.787,0.956,1.0,0.966,-0.752,-0.819,-0.752
4,B2_3,-0.725,0.701,0.789,0.817,0.962,0.924,0.956,0.763,0.74,0.751,0.963,0.966,1.0,-0.738,-0.803,-0.705
4,y1,0.75,-0.595,-0.752,-0.759,-0.771,-0.662,-0.773,-0.754,-0.754,-0.802,-0.72,-0.752,-0.738,1.0,0.929,0.892
4,y2,0.786,-0.658,-0.802,-0.825,-0.833,-0.733,-0.834,-0.794,-0.806,-0.841,-0.803,-0.819,-0.803,0.929,1.0,0.926
4,y3,0.732,-0.64,-0.759,-0.791,-0.746,-0.643,-0.772,-0.755,-0.772,-0.807,-0.703,-0.752,-0.705,0.892,0.926,1.0
5,.,1.0,-0.568,-0.746,-0.745,-0.675,-0.575,-0.682,-0.695,-0.671,-0.644,-0.69,-0.733,-0.648,0.629,0.669,0.611
5,A1_1,-0.568,1.0,0.868,0.875,0.617,0.675,0.659,0.892,0.854,0.876,0.642,0.685,0.606,-0.589,-0.639,-0.619
5,A1_2,-0.746,0.868,1.0,0.961,0.7,0.626,0.719,0.941,0.938,0.945,0.687,0.746,0.659,-0.707,-0.746,-0.705
5,A1_3,-0.745,0.875,0.961,1.0,0.706,0.67,0.735,0.933,0.953,0.938,0.711,0.769,0.698,-0.725,-0.778,-0.741
5,B1_1,-0.675,0.617,0.7,0.706,1.0,0.904,0.957,0.656,0.613,0.668,0.954,0.955,0.96,-0.711,-0.773,-0.688
5,B1_2,-0.575,0.675,0.626,0.67,0.904,1.0,0.904,0.632,0.586,0.624,0.932,0.919,0.926,-0.609,-0.673,-0.595
5,B1_3,-0.682,0.659,0.719,0.735,0.957,0.904,1.0,0.689,0.651,0.688,0.961,0.96,0.951,-0.73,-0.796,-0.734
5,A2_1,-0.695,0.892,0.941,0.933,0.656,0.632,0.689,1.0,0.95,0.956,0.663,0.718,0.637,-0.726,-0.756,-0.715
5,A2_2,-0.671,0.854,0.938,0.953,0.613,0.586,0.651,0.95,1.0,0.966,0.643,0.672,0.606,-0.722,-0.755,-0.719
5,A2_3,-0.644,0.876,0.945,0.938,0.668,0.624,0.688,0.956,0.966,1.0,0.668,0.695,0.638,-0.781,-0.807,-0.767
5,B2_1,-0.69,0.642,0.687,0.711,0.954,0.932,0.961,0.663,0.643,0.668,1.0,0.954,0.965,-0.662,-0.742,-0.65
5,B2_2,-0.733,0.685,0.746,0.769,0.955,0.919,0.96,0.718,0.672,0.695,0.954,1.0,0.959,-0.691,-0.764,-0.699
5,B2_3,-0.648,0.606,0.659,0.698,0.96,0.926,0.951,0.637,0.606,0.638,0.965,0.959,1.0,-0.681,-0.746,-0.656
5,y1,0.629,-0.589,-0.707,-0.725,-0.711,-0.609,-0.73,-0.726,-0.722,-0.781,-0.662,-0.691,-0.681,1.0,0.936,0.902
5,y2,0.669,-0.639,-0.746,-0.778,-0.773,-0.673,-0.796,-0.756,-0.755,-0.807,-0.742,-0.764,-0.746,0.936,1.0,0.936
5,y3,0.611,-0.619,-0.705,-0.741,-0.688,-0.595,-0.734,-0.715,-0.719,-0.767,-0.65,-0.699,-0.656,0.902,0.936,1.0
6,.,1.0,-0.539,-0.742,-0.738,-0.666,-0.563,-0.656,-0.682,-0.646,-0.614,-0.657,-0.705,-0.622,0.572,0.604,0.558
6,A1_1,-0.539,1.0,0.871,0.876,0.594,0.624,0.63,0.89,0.862,0.882,0.589,0.633,0.559,-0.596,-0.638,-0.625
6,A1_2,-0.742,0.871,1.0,0.961,0.677,0.592,0.694,0.935,0.932,0.939,0.637,0.697,0.617,-0.699,-0.728,-0.699
6,A1_3,-0.738,0.876,0.961,1.0,0.686,0.634,0.711,0.93,0.945,0.931,0.66,0.725,0.658,-0.722,-0.761,-0.733
6,B1_1,-0.666,0.594,0.677,0.686,1.0,0.914,0.961,0.602,0.572,0.625,0.959,0.958,0.958,-0.703,-0.75,-0.689
6,B1_2,-0.563,0.624,0.592,0.634,0.914,1.0,0.909,0.57,0.53,0.567,0.938,0.929,0.931,-0.608,-0.652,-0.596
6,B1_3,-0.656,0.63,0.694,0.711,0.961,0.909,1.0,0.632,0.607,0.645,0.955,0.96,0.947,-0.727,-0.782,-0.734
6,A2_1,-0.682,0.89,0.935,0.93,0.602,0.57,0.632,1.0,0.946,0.944,0.583,0.647,0.567,-0.688,-0.71,-0.682
6,A2_2,-0.646,0.862,0.932,0.945,0.572,0.53,0.607,0.946,1.0,0.966,0.573,0.604,0.545,-0.714,-0.739,-0.709
6,A2_3,-0.614,0.882,0.939,0.931,0.625,0.567,0.645,0.944,0.966,1.0,0.6,0.629,0.579,-0.776,-0.794,-0.763
6,B2_1,-0.657,0.589,0.637,0.66,0.959,0.938,0.955,0.583,0.573,0.6,1.0,0.955,0.968,-0.649,-0.712,-0.64
6,B2_2,-0.705,0.633,0.697,0.725,0.958,0.929,0.96,0.647,0.604,0.629,0.955,1.0,0.962,-0.673,-0.732,-0.687
6,B2_3,-0.622,0.559,0.617,0.658,0.958,0.931,0.947,0.567,0.545,0.579,0.968,0.962,1.0,-0.671,-0.718,-0.65
6,y1,0.572,-0.596,-0.699,-0.722,-0.703,-0.608,-0.727,-0.688,-0.714,-0.776,-0.649,-0.673,-0.671,1.0,0.946,0.916
6,y2,0.604,-0.638,-0.728,-0.761,-0.75,-0.652,-0.782,-0.71,-0.739,-0.794,-0.712,-0.732,-0.718,0.946,1.0,0.95
6,y3,0.558,-0.625,-0.699,-0.733,-0.689,-0.596,-0.734,-0.682,-0.709,-0.763,-0.64,-0.687,-0.65,0.916,0.95,1.0
7,.,1.0,-0.479,-0.686,-0.661,-0.58,-0.501,-0.581,-0.601,-0.55,-0.52,-0.583,-0.634,-0.545,0.426,0.457,0.42
7,A1_1,-0.479,1.0,0.874,0.873,0.491,0.519,0.535,0.893,0.856,0.877,0.471,0.523,0.443,-0.557,-0.589,-0.572
7,A1_2,-0.686,0.874,1.0,0.958,0.56,0.492,0.591,0.934,0.92,0.927,0.52,0.582,0.495,-0.634,-0.655,-0.632
7,A1_3,-0.661,0.873,0.958,1.0,0.562,0.524,0.598,0.927,0.946,0.931,0.535,0.6,0.528,-0.667,-0.696,-0.67
7,B1_1,-0.58,0.491,0.56,0.562,1.0,0.918,0.959,0.469,0.444,0.5,0.955,0.959,0.959,-0.646,-0.685,-0.631
7,B1_2,-0.501,0.519,0.492,0.524,0.918,1.0,0.907,0.443,0.42,0.458,0.94,0.933,0.933,-0.546,-0.58,-0.529
7,B1_3,-0.581,0.535,0.591,0.598,0.959,0.907,1.0,0.507,0.485,0.525,0.94,0.951,0.936,-0.684,-0.729,-0.686
7,A2_1,-0.601,0.893,0.934,0.927,0.469,0.443,0.507,1.0,0.948,0.947,0.443,0.502,0.419,-0.624,-0.643,-0.614
7,A2_2,-0.55,0.856,0.92,0.946,0.444,0.42,0.485,0.948,1.0,0.965,0.446,0.473,0.408,-0.633,-0.654,-0.623
7,A2_3,-0.52,0.877,0.927,0.931,0.5,0.458,0.525,0.947,0.965,1.0,0.476,0.503,0.445,-0.703,-0.712,-0.68
7,B2_1,-0.583,0.471,0.52,0.535,0.955,0.94,0.94,0.443,0.446,0.476,1.0,0.957,0.967,-0.566,-0.619,-0.555
7,B2_2,-0.634,0.523,0.582,0.6,0.959,0.933,0.951,0.502,0.473,0.503,0.957,1.0,0.961,-0.601,-0.654,-0.612
7,B2_3,-0.545,0.443,0.495,0.528,0.959,0.933,0.936,0.419,0.408,0.445,0.967,0.961,1.0,-0.599,-0.636,-0.578
7,y1,0.426,-0.557,-0.634,-0.667,-0.646,-0.546,-0.684,-0.624,-0.633,-0.703,-0.566,-0.601,-0.599,1.0,0.944,0.927
7,y2,0.457,-0.589,-0.655,-0.696,-0.685,-0.58,-0.729,-0.643,-0.654,-0.712,-0.619,-0.654,-0.636,0.944,1.0,0.953
7,y3,0.42,-0.572,-0.632,-0.67,-0.631,-0.529,-0.686,-0.614,-0.623,-0.68,-0.555,-0.612,-0.578,0.927,0.953,1.0
8,.,1.0,-0.423,-0.638,-0.596,-0.52,-0.438,-0.521,-0.537,-0.444,-0.421,-0.498,-0.552,-0.469,0.321,0.34,0.306
8,A1_1,-0.423,1.0,0.878,0.881,0.44,0.462,0.495,0.894,0.859,0.887,0.376,0.447,0.361,-0.529,-0.554,-0.529
8,A1_2,-0.638,0.878,1.0,0.953,0.494,0.427,0.534,0.925,0.898,0.908,0.41,0.486,0.402,-0.574,-0.59,-0.56
8,A1_3,-0.596,0.881,0.953,1.0,0.483,0.449,0.529,0.921,0.932,0.915,0.415,0.495,0.425,-0.597,-0.62,-0.586
8,B1_1,-0.52,0.44,0.494,0.483,1.0,0.912,0.96,0.375,0.335,0.387,0.945,0.954,0.944,-0.604,-0.626,-0.579
8,B1_2,-0.438,0.462,0.427,0.449,0.912,1.0,0.901,0.354,0.325,0.363,0.943,0.935,0.929,-0.482,-0.499,-0.455
8,B1_3,-0.521,0.495,0.534,0.529,0.96,0.901,1.0,0.422,0.384,0.421,0.919,0.945,0.916,-0.641,-0.672,-0.635
8,A2_1,-0.537,0.894,0.925,0.921,0.375,0.354,0.422,1.0,0.935,0.938,0.305,0.381,0.296,-0.54,-0.556,-0.517
8,A2_2,-0.444,0.859,0.898,0.932,0.335,0.325,0.384,0.935,1.0,0.963,0.297,0.334,0.27,-0.527,-0.546,-0.502
8,A2_3,-0.421,0.887,0.908,0.915,0.387,0.363,0.421,0.938,0.963,1.0,0.328,0.365,0.305,-0.601,-0.606,-0.562
8,B2_1,-0.498,0.376,0.41,0.415,0.945,0.943,0.919,0.305,0.297,0.328,1.0,0.951,0.965,-0.474,-0.508,-0.453
8,B2_2,-0.552,0.447,0.486,0.495,0.954,0.935,0.945,0.381,0.334,0.365,0.951,1.0,0.957,-0.536,-0.572,-0.541
8,B2_3,-0.469,0.361,0.402,0.425,0.944,0.929,0.916,0.296,0.27,0.305,0.965,0.957,1.0,-0.525,-0.543,-0.498
8,y1,0.321,-0.529,-0.574,-0.597,-0.604,-0.482,-0.641,-0.54,-0.527,-0.601,-0.474,-0.536,-0.525,1.0,0.941,0.929
8,y2,0.34,-0.554,-0.59,-0.62,-0.626,-0.499,-0.672,-0.556,-0.546,-0.606,-0.508,-0.572,-0.543,0.941,1.0,0.95
8,y3,0.306,-0.529,-0.56,-0.586,-0.579,-0.455,-0.635,-0.517,-0.502,-0.562,-0.453,-0.541,-0.498,0.929,0.95,1.0
9,.,1.0,-0.39,-0.596,-0.563,-0.493,-0.429,-0.496,-0.516,-0.411,-0.396,-0.456,-0.511,-0.432,0.26,0.273,0.239
9,A1_1,-0.39,1.0,0.887,0.886,0.398,0.418,0.447,0.894,0.861,0.895,0.327,0.395,0.321,-0.529,-0.553,-0.523
9,A1_2,-0.596,0.887,1.0,0.958,0.439,0.385,0.478,0.932,0.904,0.919,0.35,0.423,0.35,-0.551,-0.566,-0.535
9,A1_3,-0.563,0.886,0.958,1.0,0.428,0.403,0.473,0.925,0.935,0.92,0.355,0.433,0.372,-0.573,-0.595,-0.557
9,B1_1,-0.493,0.398,0.439,0.428,1.0,0.916,0.962,0.321,0.28,0.327,0.945,0.954,0.942,-0.579,-0.593,-0.55
9,B1_2,-0.429,0.418,0.385,0.403,0.916,1.0,0.905,0.306,0.275,0.311,0.947,0.939,0.929,-0.459,-0.47,-0.427
9,B1_3,-0.496,0.447,0.478,0.473,0.962,0.905,1.0,0.364,0.324,0.358,0.92,0.947,0.916,-0.617,-0.641,-0.605
9,A2_1,-0.516,0.894,0.932,0.925,0.321,0.306,0.364,1.0,0.936,0.943,0.245,0.319,0.245,-0.509,-0.524,-0.483
9,A2_2,-0.411,0.861,0.904,0.935,0.28,0.275,0.324,0.936,1.0,0.964,0.237,0.271,0.217,-0.492,-0.511,-0.463
9,A2_3,-0.396,0.895,0.919,0.92,0.327,0.311,0.358,0.943,0.964,1.0,0.266,0.302,0.251,-0.557,-0.561,-0.516
9,B2_1,-0.456,0.327,0.35,0.355,0.945,0.947,0.92,0.245,0.237,0.266,1.0,0.951,0.965,-0.456,-0.481,-0.43
9,B2_2,-0.511,0.395,0.423,0.433,0.954,0.939,0.947,0.319,0.271,0.302,0.951,1.0,0.957,-0.517,-0.546,-0.516
9,B2_3,-0.432,0.321,0.35,0.372,0.942,0.929,0.916,0.245,0.217,0.251,0.965,0.957,1.0,-0.513,-0.523,-0.48
9,y1,0.26,-0.529,-0.551,-0.573,-0.579,-0.459,-0.617,-0.509,-0.492,-0.557,-0.456,-0.517,-0.513,1.0,0.946,0.935
9,y2,0.273,-0.553,-0.566,-0.595,-0.593,-0.47,-0.641,-0.524,-0.511,-0.561,-0.481,-0.546,-0.523,0.946,1.0,0.955
9,y3,0.239,-0.523,-0.535,-0.557,-0.55,-0.427,-0.605,-0.483,-0.463,-0.516,-0.43,-0.516,-0.48,0.935,0.955,1.0
10,.,1.0,-0.384,-0.618,-0.658,-0.52,-0.489,-0.532,-0.596,-0.459,-0.432,-0.494,-0.532,-0.465,0.304,0.313,0.285
10,A1_1,-0.384,1.0,0.881,0.858,0.437,0.467,0.462,0.865,0.873,0.906,0.355,0.419,0.358,-0.589,-0.606,-0.581
10,A1_2,-0.618,0.881,1.0,0.965,0.468,0.431,0.489,0.935,0.916,0.919,0.369,0.435,0.377,-0.592,-0.597,-0.569
10,A1_3,-0.658,0.858,0.965,1.0,0.494,0.472,0.515,0.929,0.91,0.884,0.401,0.477,0.429,-0.599,-0.607,-0.57
10,B1_1,-0.52,0.437,0.468,0.494,1.0,0.926,0.97,0.362,0.326,0.356,0.941,0.951,0.942,-0.632,-0.638,-0.604
10,B1_2,-0.489,0.467,0.431,0.472,0.926,1.0,0.923,0.368,0.317,0.342,0.939,0.944,0.929,-0.539,-0.538,-0.508
10,B1_3,-0.532,0.462,0.489,0.515,0.97,0.923,1.0,0.389,0.353,0.374,0.932,0.953,0.926,-0.639,-0.657,-0.625
10,A2_1,-0.596,0.865,0.935,0.929,0.362,0.368,0.389,1.0,0.927,0.917,0.279,0.36,0.293,-0.519,-0.52,-0.488
10,A2_2,-0.459,0.873,0.916,0.91,0.326,0.317,0.353,0.927,1.0,0.964,0.261,0.298,0.26,-0.574,-0.575,-0.537
10,A2_3,-0.432,0.906,0.919,0.884,0.356,0.342,0.374,0.917,0.964,1.0,0.28,0.321,0.282,-0.625,-0.615,-0.581
10,B2_1,-0.494,0.355,0.369,0.401,0.941,0.939,0.932,0.279,0.261,0.28,1.0,0.951,0.967,-0.524,-0.535,-0.496
10,B2_2,-0.532,0.419,0.435,0.477,0.951,0.944,0.953,0.36,0.298,0.321,0.951,1.0,0.96,-0.577,-0.598,-0.574
10,B2_3,-0.465,0.358,0.377,0.429,0.942,0.929,0.926,0.293,0.26,0.282,0.967,0.96,1.0,-0.58,-0.579,-0.545
10,y1,0.304,-0.589,-0.592,-0.599,-0.632,-0.539,-0.639,-0.519,-0.574,-0.625,-0.524,-0.577,-0.58,1.0,0.951,0.939
10,y2,0.313,-0.606,-0.597,-0.607,-0.638,-0.538,-0.657,-0.52,-0.575,-0.615,-0.535,-0.598,-0.579,0.951,1.0,0.959
10,y3,0.285,-0.581,-0.569,-0.57,-0.604,-0.508,-0.625,-0.488,-0.537,-0.581,-0.496,-0.574,-0.545,0.939,0.959,1.0
11,.,1.0,-0.383,-0.581,-0.571,-0.487,-0.465,-0.498,-0.517,-0.404,-0.39,-0.452,-0.489,-0.428,0.223,0.232,0.208
11,A1_1,-0.383,1.0,0.898,0.897,0.412,0.432,0.456,0.884,0.872,0.9,0.326,0.382,0.326,-0.572,-0.584,-0.561
11,A1_2,-0.581,0.898,1.0,0.966,0.417,0.384,0.456,0.934,0.914,0.92,0.32,0.376,0.323,-0.549,-0.555,-0.531
11,A1_3,-0.571,0.897,0.966,1.0,0.413,0.399,0.455,0.933,0.934,0.915,0.326,0.39,0.347,-0.569,-0.581,-0.548
11,B1_1,-0.487,0.412,0.417,0.413,1.0,0.927,0.969,0.288,0.26,0.291,0.939,0.951,0.938,-0.587,-0.59,-0.562
11,B1_2,-0.465,0.432,0.384,0.399,0.927,1.0,0.919,0.288,0.258,0.283,0.946,0.944,0.93,-0.483,-0.48,-0.454
11,B1_3,-0.498,0.456,0.456,0.455,0.969,0.919,1.0,0.33,0.303,0.323,0.92,0.946,0.916,-0.613,-0.626,-0.601
11,A2_1,-0.517,0.884,0.934,0.933,0.288,0.288,0.33,1.0,0.937,0.937,0.202,0.265,0.208,-0.488,-0.493,-0.461
11,A2_2,-0.404,0.872,0.914,0.934,0.26,0.258,0.303,0.937,1.0,0.968,0.199,0.225,0.187,-0.51,-0.513,-0.475
11,A2_3,-0.39,0.9,0.92,0.915,0.291,0.283,0.323,0.937,0.968,1.0,0.221,0.247,0.21,-0.55,-0.541,-0.506
11,B2_1,-0.452,0.326,0.32,0.326,0.939,0.946,0.92,0.202,0.199,0.221,1.0,0.953,0.967,-0.47,-0.48,-0.447
11,B2_2,-0.489,0.382,0.376,0.39,0.951,0.944,0.946,0.265,0.225,0.247,0.953,1.0,0.962,-0.528,-0.545,-0.526
11,B2_3,-0.428,0.326,0.323,0.347,0.938,0.93,0.916,0.208,0.187,0.21,0.967,0.962,1.0,-0.523,-0.522,-0.495
11,y1,0.223,-0.572,-0.549,-0.569,-0.587,-0.483,-0.613,-0.488,-0.51,-0.55,-0.47,-0.528,-0.523,1.0,0.953,0.942
11,y2,0.232,-0.584,-0.555,-0.581,-0.59,-0.48,-0.626,-0.493,-0.513,-0.541,-0.48,-0.545,-0.522,0.953,1.0,0.961
11,y3,0.208,-0.561,-0.531,-0.548,-0.562,-0.454,-0.601,-0.461,-0.475,-0.506,-0.447,-0.526,-0.495,0.942,0.961,1.0
12,.,1.0,-0.369,-0.566,-0.569,-0.483,-0.472,-0.495,-0.509,-0.398,-0.386,-0.429,-0.479,-0.406,0.191,0.2,0.182
12,A1_1,-0.369,1.0,0.901,0.895,0.4,0.415,0.44,0.879,0.871,0.906,0.304,0.367,0.303,-0.569,-0.587,-0.564
12,A1_2,-0.566,0.901,1.0,0.966,0.405,0.37,0.441,0.929,0.913,0.923,0.29,0.36,0.296,-0.535,-0.547,-0.521
12,A1_3,-0.569,0.895,0.966,1.0,0.401,0.386,0.438,0.931,0.931,0.914,0.298,0.374,0.322,-0.552,-0.568,-0.535
12,B1_1,-0.483,0.4,0.405,0.401,1.0,0.926,0.97,0.261,0.227,0.268,0.928,0.947,0.926,-0.583,-0.58,-0.558
12,B1_2,-0.472,0.415,0.37,0.386,0.926,1.0,0.92,0.264,0.223,0.257,0.943,0.944,0.924,-0.479,-0.47,-0.454
12,B1_3,-0.495,0.44,0.441,0.438,0.97,0.92,1.0,0.3,0.267,0.298,0.912,0.945,0.905,-0.602,-0.609,-0.59
12,A2_1,-0.509,0.879,0.929,0.931,0.261,0.264,0.3,1.0,0.939,0.939,0.161,0.24,0.173,-0.455,-0.468,-0.437
12,A2_2,-0.398,0.871,0.913,0.931,0.227,0.223,0.267,0.939,1.0,0.966,0.149,0.192,0.142,-0.491,-0.502,-0.464
12,A2_3,-0.386,0.906,0.923,0.914,0.268,0.257,0.298,0.939,0.966,1.0,0.182,0.225,0.177,-0.536,-0.534,-0.5
12,B2_1,-0.429,0.304,0.29,0.298,0.928,0.943,0.912,0.161,0.149,0.182,1.0,0.95,0.964,-0.47,-0.475,-0.451
12,B2_2,-0.479,0.367,0.36,0.374,0.947,0.944,0.945,0.24,0.192,0.225,0.95,1.0,0.959,-0.53,-0.541,-0.531
12,B2_3,-0.406,0.303,0.296,0.322,0.926,0.924,0.905,0.173,0.142,0.177,0.964,0.959,1.0,-0.529,-0.523,-0.504
12,y1,0.191,-0.569,-0.535,-0.552,-0.583,-0.479,-0.602,-0.455,-0.491,-0.536,-0.47,-0.53,-0.529,1.0,0.954,0.941
12,y2,0.2,-0.587,-0.547,-0.568,-0.58,-0.47,-0.609,-0.468,-0.502,-0.534,-0.475,-0.541,-0.523,0.954,1.0,0.96
12,y3,0.182,-0.564,-0.521,-0.535,-0.558,-0.454,-0.59,-0.437,-0.464,-0.5,-0.451,-0.531,-0.504,0.941,0.96,1.0
13,.,1.0,-0.396,-0.582,-0.596,-0.49,-0.482,-0.503,-0.541,-0.413,-0.399,-0.465,-0.494,-0.433,0.206,0.215,0.195
13,A1_1,-0.396,1.0,0.906,0.9,0.413,0.437,0.454,0.886,0.882,0.911,0.326,0.382,0.327,-0.578,-0.588,-0.571
13,A1_2,-0.582,0.906,1.0,0.97,0.41,0.387,0.446,0.943,0.921,0.924,0.314,0.37,0.317,-0.545,-0.548,-0.529
13,A1_3,-0.596,0.9,0.97,1.0,0.42,0.412,0.458,0.94,0.93,0.91,0.333,0.395,0.352,-0.561,-0.569,-0.542
13,B1_1,-0.49,0.413,0.41,0.42,1.0,0.936,0.972,0.294,0.254,0.278,0.938,0.953,0.938,-0.586,-0.588,-0.565
13,B1_2,-0.482,0.437,0.387,0.412,0.936,1.0,0.928,0.299,0.253,0.274,0.947,0.948,0.932,-0.495,-0.493,-0.472
13,B1_3,-0.503,0.454,0.446,0.458,0.972,0.928,1.0,0.335,0.297,0.313,0.923,0.949,0.918,-0.609,-0.622,-0.6
13,A2_1,-0.541,0.886,0.943,0.94,0.294,0.299,0.335,1.0,0.941,0.94,0.209,0.274,0.219,-0.489,-0.492,-0.465
13,A2_2,-0.413,0.882,0.921,0.93,0.254,0.253,0.297,0.941,1.0,0.969,0.187,0.218,0.181,-0.524,-0.523,-0.491
13,A2_3,-0.399,0.911,0.924,0.91,0.278,0.274,0.313,0.94,0.969,1.0,0.205,0.236,0.2,-0.553,-0.542,-0.513
13,B2_1,-0.465,0.326,0.314,0.333,0.938,0.947,0.923,0.209,0.187,0.205,1.0,0.956,0.969,-0.479,-0.489,-0.461
13,B2_2,-0.494,0.382,0.37,0.395,0.953,0.948,0.949,0.274,0.218,0.236,0.956,1.0,0.964,-0.534,-0.552,-0.535
13,B2_3,-0.433,0.327,0.317,0.352,0.938,0.932,0.918,0.219,0.181,0.2,0.969,0.964,1.0,-0.533,-0.534,-0.51
13,y1,0.206,-0.578,-0.545,-0.561,-0.586,-0.495,-0.609,-0.489,-0.524,-0.553,-0.479,-0.534,-0.533,1.0,0.955,0.946
13,y2,0.215,-0.588,-0.548,-0.569,-0.588,-0.493,-0.622,-0.492,-0.523,-0.542,-0.489,-0.552,-0.534,0.955,1.0,0.963
13,y3,0.195,-0.571,-0.529,-0.542,-0.565,-0.472,-0.6,-0.465,-0.491,-0.513,-0.461,-0.535,-0.51,0.946,0.963,1.0
14,.,1.0,-0.376,-0.541,-0.525,-0.463,-0.454,-0.478,-0.506,-0.383,-0.382,-0.421,-0.447,-0.389,0.147,0.152,0.128
14,A1_1,-0.376,1.0,0.914,0.914,0.37,0.395,0.419,0.893,0.88,0.911,0.295,0.351,0.3,-0.559,-0.565,-0.545
14,A1_2,-0.541,0.914,1.0,0.969,0.35,0.33,0.393,0.947,0.925,0.935,0.262,0.316,0.266,-0.509,-0.508,-0.487
14,A1_3,-0.525,0.914,0.969,1.0,0.347,0.342,0.394,0.942,0.946,0.932,0.27,0.327,0.289,-0.532,-0.538,-0.507
14,B1_1,-0.463,0.37,0.35,0.347,1.0,0.932,0.971,0.239,0.199,0.229,0.94,0.952,0.938,-0.545,-0.544,-0.515
14,B1_2,-0.454,0.395,0.33,0.342,0.932,1.0,0.922,0.245,0.203,0.231,0.952,0.945,0.933,-0.443,-0.439,-0.411
14,B1_3,-0.478,0.419,0.393,0.394,0.971,0.922,1.0,0.286,0.247,0.269,0.924,0.947,0.918,-0.574,-0.583,-0.557
14,A2_1,-0.506,0.893,0.947,0.942,0.239,0.245,0.286,1.0,0.945,0.949,0.16,0.22,0.169,-0.45,-0.451,-0.421
14,A2_2,-0.383,0.88,0.925,0.946,0.199,0.203,0.247,0.945,1.0,0.97,0.141,0.171,0.135,-0.475,-0.472,-0.436
14,A2_3,-0.382,0.911,0.935,0.932,0.229,0.231,0.269,0.949,0.97,1.0,0.165,0.197,0.161,-0.506,-0.493,-0.46
14,B2_1,-0.421,0.295,0.262,0.27,0.94,0.952,0.924,0.16,0.141,0.165,1.0,0.956,0.969,-0.451,-0.46,-0.428
14,B2_2,-0.447,0.351,0.316,0.327,0.952,0.945,0.947,0.22,0.171,0.197,0.956,1.0,0.964,-0.51,-0.525,-0.503
14,B2_3,-0.389,0.3,0.266,0.289,0.938,0.933,0.918,0.169,0.135,0.161,0.969,0.964,1.0,-0.51,-0.509,-0.482
14,y1,0.147,-0.559,-0.509,-0.532,-0.545,-0.443,-0.574,-0.45,-0.475,-0.506,-0.451,-0.51,-0.51,1.0,0.956,0.947
14,y2,0.152,-0.565,-0.508,-0.538,-0.544,-0.439,-0.583,-0.451,-0.472,-0.493,-0.46,-0.525,-0.509,0.956,1.0,0.962
14,y3,0.128,-0.545,-0.487,-0.507,-0.515,-0.411,-0.557,-0.421,-0.436,-0.46,-0.428,-0.503,-0.482,0.947,0.962,1.0
15,.,1.0,-0.389,-0.535,-0.501,-0.455,-0.451,-0.468,-0.493,-0.389,-0.391,-0.43,-0.444,-0.394,0.124,0.125,0.106
15,A1_1,-0.389,1.0,0.922,0.926,0.363,0.384,0.415,0.904,0.891,0.92,0.293,0.348,0.288,-0.548,-0.554,-0.535
15,A1_2,-0.535,0.922,1.0,0.969,0.335,0.314,0.38,0.949,0.933,0.944,0.254,0.305,0.249,-0.494,-0.493,-0.475
15,A1_3,-0.501,0.926,0.969,1.0,0.326,0.32,0.376,0.944,0.956,0.945,0.256,0.31,0.263,-0.522,-0.528,-0.5
15,B1_1,-0.455,0.363,0.335,0.326,1.0,0.937,0.972,0.229,0.191,0.224,0.948,0.956,0.945,-0.529,-0.528,-0.504
15,B1_2,-0.451,0.384,0.314,0.32,0.937,1.0,0.925,0.227,0.191,0.22,0.958,0.948,0.936,-0.421,-0.419,-0.395
15,B1_3,-0.468,0.415,0.38,0.376,0.972,0.925,1.0,0.275,0.242,0.266,0.93,0.95,0.923,-0.562,-0.57,-0.549
15,A2_1,-0.493,0.904,0.949,0.944,0.229,0.227,0.275,1.0,0.953,0.961,0.155,0.209,0.151,-0.45,-0.452,-0.422
15,A2_2,-0.389,0.891,0.933,0.956,0.191,0.191,0.242,0.953,1.0,0.972,0.134,0.167,0.121,-0.47,-0.47,-0.435
15,A2_3,-0.391,0.92,0.944,0.945,0.224,0.22,0.266,0.961,0.972,1.0,0.159,0.194,0.148,-0.499,-0.489,-0.458
15,B2_1,-0.43,0.293,0.254,0.256,0.948,0.958,0.93,0.155,0.134,0.159,1.0,0.962,0.972,-0.433,-0.443,-0.416
15,B2_2,-0.444,0.348,0.305,0.31,0.956,0.948,0.95,0.209,0.167,0.194,0.962,1.0,0.966,-0.493,-0.506,-0.489
15,B2_3,-0.394,0.288,0.249,0.263,0.945,0.936,0.923,0.151,0.121,0.148,0.972,0.966,1.0,-0.486,-0.486,-0.462
15,y1,0.124,-0.548,-0.494,-0.522,-0.529,-0.421,-0.562,-0.45,-0.47,-0.499,-0.433,-0.493,-0.486,1.0,0.957,0.948
15,y2,0.125,-0.554,-0.493,-0.528,-0.528,-0.419,-0.57,-0.452,-0.47,-0.489,-0.443,-0.506,-0.486,0.957,1.0,0.962
15,y3,0.106,-0.535,-0.475,-0.5,-0.504,-0.395,-0.549,-0.422,-0.435,-0.458,-0.416,-0.489,-0.462,0.948,0.962,1.0
16,.,1.0,-0.372,-0.522,-0.482,-0.458,-0.455,-0.472,-0.493,-0.375,-0.383,-0.395,-0.423,-0.359,0.094,0.091,0.077
16,A1_1,-0.372,1.0,0.921,0.925,0.35,0.367,0.408,0.887,0.876,0.91,0.273,0.336,0.273,-0.551,-0.557,-0.537
16,A1_2,-0.522,0.921,1.0,0.968,0.326,0.297,0.376,0.938,0.923,0.935,0.226,0.289,0.229,-0.492,-0.489,-0.469
16,A1_3,-0.482,0.925,0.968,1.0,0.307,0.295,0.362,0.936,0.949,0.939,0.224,0.29,0.239,-0.523,-0.527,-0.498
16,B1_1,-0.458,0.35,0.326,0.307,1.0,0.931,0.97,0.194,0.149,0.185,0.931,0.943,0.923,-0.51,-0.504,-0.482
16,B1_2,-0.455,0.367,0.297,0.295,0.931,1.0,0.918,0.193,0.146,0.183,0.952,0.942,0.923,-0.399,-0.394,-0.372
16,B1_3,-0.472,0.408,0.376,0.362,0.97,0.918,1.0,0.245,0.206,0.233,0.911,0.938,0.901,-0.546,-0.551,-0.531
16,A2_1,-0.493,0.887,0.938,0.936,0.194,0.193,0.245,1.0,0.947,0.957,0.108,0.174,0.113,-0.418,-0.418,-0.389
16,A2_2,-0.375,0.876,0.923,0.949,0.149,0.146,0.206,0.947,1.0,0.969,0.084,0.127,0.078,-0.449,-0.446,-0.41
16,A2_3,-0.383,0.91,0.935,0.939,0.185,0.183,0.233,0.957,0.969,1.0,0.117,0.159,0.11,-0.47,-0.458,-0.427
16,B2_1,-0.395,0.273,0.226,0.224,0.931,0.952,0.911,0.108,0.084,0.117,1.0,0.957,0.967,-0.424,-0.434,-0.406
16,B2_2,-0.423,0.336,0.289,0.29,0.943,0.942,0.938,0.174,0.127,0.159,0.957,1.0,0.962,-0.487,-0.498,-0.481
16,B2_3,-0.359,0.273,0.229,0.239,0.923,0.923,0.901,0.113,0.078,0.11,0.967,0.962,1.0,-0.49,-0.487,-0.465
16,y1,0.094,-0.551,-0.492,-0.523,-0.51,-0.399,-0.546,-0.418,-0.449,-0.47,-0.424,-0.487,-0.49,1.0,0.955,0.944
16,y2,0.091,-0.557,-0.489,-0.527,-0.504,-0.394,-0.551,-0.418,-0.446,-0.458,-0.434,-0.498,-0.487,0.955,1.0,0.96
16,y3,0.077,-0.537,-0.469,-0.498,-0.482,-0.372,-0.531,-0.389,-0.41,-0.427,-0.406,-0.481,-0.465,0.944,0.96,1.0
17,.,1.0,-0.34,-0.494,-0.459,-0.447,-0.444,-0.461,-0.484,-0.353,-0.367,-0.358,-0.397,-0.326,0.07,0.066,0.055
17,A1_1,-0.34,1.0,0.919,0.922,0.339,0.35,0.394,0.878,0.868,0.905,0.259,0.33,0.265,-0.561,-0.565,-0.543
17,A1_2,-0.494,0.919,1.0,0.968,0.305,0.274,0.353,0.939,0.924,0.937,0.196,0.269,0.204,-0.485,-0.481,-0.458
17,A1_3,-0.459,0.922,0.968,1.0,0.286,0.27,0.339,0.935,0.947,0.937,0.194,0.269,0.215,-0.511,-0.514,-0.481
17,B1_1,-0.447,0.339,0.305,0.286,1.0,0.93,0.97,0.177,0.12,0.161,0.922,0.94,0.915,-0.495,-0.486,-0.461
17,B1_2,-0.444,0.35,0.274,0.27,0.93,1.0,0.92,0.175,0.113,0.157,0.949,0.94,0.919,-0.385,-0.378,-0.354
17,B1_3,-0.461,0.394,0.353,0.339,0.97,0.92,1.0,0.225,0.174,0.208,0.907,0.939,0.897,-0.525,-0.528,-0.506
17,A2_1,-0.484,0.878,0.939,0.935,0.177,0.175,0.225,1.0,0.945,0.955,0.08,0.157,0.091,-0.397,-0.397,-0.365
17,A2_2,-0.353,0.868,0.924,0.947,0.12,0.113,0.174,0.945,1.0,0.968,0.047,0.099,0.046,-0.432,-0.427,-0.387
17,A2_3,-0.367,0.905,0.937,0.937,0.161,0.157,0.208,0.955,0.968,1.0,0.087,0.138,0.085,-0.451,-0.437,-0.402
17,B2_1,-0.358,0.259,0.196,0.194,0.922,0.949,0.907,0.08,0.047,0.087,1.0,0.955,0.966,-0.42,-0.429,-0.4
17,B2_2,-0.397,0.33,0.269,0.269,0.94,0.94,0.939,0.157,0.099,0.138,0.955,1.0,0.96,-0.487,-0.497,-0.479
17,B2_3,-0.326,0.265,0.204,0.215,0.915,0.919,0.897,0.091,0.046,0.085,0.966,0.96,1.0,-0.493,-0.49,-0.466
17,y1,0.07,-0.561,-0.485,-0.511,-0.495,-0.385,-0.525,-0.397,-0.432,-0.451,-0.42,-0.487,-0.493,1.0,0.955,0.943
17,y2,0.066,-0.565,-0.481,-0.514,-0.486,-0.378,-0.528,-0.397,-0.427,-0.437,-0.429,-0.497,-0.49,0.955,1.0,0.959
17,y3,0.055,-0.543,-0.458,-0.481,-0.461,-0.354,-0.506,-0.365,-0.387,-0.402,-0.4,-0.479,-0.466,0.943,0.959,1.0
18,.,1.0,-0.316,-0.473,-0.449,-0.427,-0.441,-0.45,-0.476,-0.348,-0.343,-0.313,-0.367,-0.278,0.022,0.012,0.005
18,A1_1,-0.316,1.0,0.915,0.913,0.309,0.325,0.365,0.839,0.844,0.89,0.233,0.297,0.243,-0.565,-0.568,-0.545
18,A1_2,-0.473,0.915,1.0,0.968,0.252,0.232,0.302,0.924,0.918,0.931,0.137,0.211,0.152,-0.465,-0.459,-0.434
18,A1_3,-0.449,0.913,0.968,1.0,0.226,0.222,0.28,0.926,0.942,0.934,0.13,0.206,0.158,-0.479,-0.48,-0.443
18,B1_1,-0.427,0.309,0.252,0.226,1.0,0.928,0.97,0.097,0.053,0.102,0.899,0.931,0.891,-0.456,-0.447,-0.423
18,B1_2,-0.441,0.325,0.232,0.222,0.928,1.0,0.921,0.113,0.06,0.109,0.938,0.936,0.901,-0.346,-0.339,-0.316
18,B1_3,-0.45,0.365,0.302,0.28,0.97,0.921,1.0,0.147,0.108,0.15,0.886,0.929,0.874,-0.483,-0.486,-0.465
18,A2_1,-0.476,0.839,0.924,0.926,0.097,0.113,0.147,1.0,0.945,0.948,0.002,0.078,0.019,-0.343,-0.339,-0.306
18,A2_2,-0.348,0.844,0.918,0.942,0.053,0.06,0.108,0.945,1.0,0.968,-0.014,0.036,-0.007,-0.396,-0.386,-0.347
18,A2_3,-0.343,0.89,0.931,0.934,0.102,0.109,0.15,0.948,0.968,1.0,0.037,0.081,0.043,-0.433,-0.415,-0.379
18,B2_1,-0.313,0.233,0.137,0.13,0.899,0.938,0.886,0.002,-0.014,0.037,1.0,0.954,0.961,-0.391,-0.403,-0.377
18,B2_2,-0.367,0.297,0.211,0.206,0.931,0.936,0.929,0.078,0.036,0.081,0.954,1.0,0.957,-0.453,-0.466,-0.448
18,B2_3,-0.278,0.243,0.152,0.158,0.891,0.901,0.874,0.019,-0.007,0.043,0.961,0.957,1.0,-0.48,-0.481,-0.456
18,y1,0.022,-0.565,-0.465,-0.479,-0.456,-0.346,-0.483,-0.343,-0.396,-0.433,-0.391,-0.453,-0.48,1.0,0.957,0.942
18,y2,0.012,-0.568,-0.459,-0.48,-0.447,-0.339,-0.486,-0.339,-0.386,-0.415,-0.403,-0.466,-0.481,0.957,1.0,0.958
18,y3,0.005,-0.545,-0.434,-0.443,-0.423,-0.316,-0.465,-0.306,-0.347,-0.379,-0.377,-0.448,-0.456,0.942,0.958,1.0
19,.,1.0,-0.341,-0.489,-0.463,-0.45,-0.475,-0.468,-0.485,-0.374,-0.368,-0.336,-0.385,-0.292,0.043,0.034,0.033
19,A1_1,-0.341,1.0,0.92,0.92,0.337,0.347,0.393,0.848,0.85,0.891,0.255,0.313,0.263,-0.579,-0.583,-0.565
19,A1_2,-0.489,0.92,1.0,0.971,0.286,0.263,0.335,0.926,0.924,0.933,0.164,0.231,0.174,-0.479,-0.473,-0.453
19,A1_3,-0.463,0.92,0.971,1.0,0.264,0.252,0.318,0.927,0.944,0.935,0.161,0.229,0.184,-0.502,-0.503,-0.473
19,B1_1,-0.45,0.337,0.286,0.264,1.0,0.933,0.971,0.12,0.087,0.124,0.904,0.93,0.888,-0.469,-0.463,-0.44
19,B1_2,-0.475,0.347,0.263,0.252,0.933,1.0,0.924,0.132,0.087,0.126,0.936,0.934,0.894,-0.363,-0.359,-0.337
19,B1_3,-0.468,0.393,0.335,0.318,0.971,0.924,1.0,0.172,0.143,0.174,0.891,0.926,0.872,-0.499,-0.505,-0.483
19,A2_1,-0.485,0.848,0.926,0.927,0.12,0.132,0.172,1.0,0.951,0.956,0.018,0.09,0.034,-0.361,-0.358,-0.33
19,A2_2,-0.374,0.85,0.924,0.944,0.087,0.087,0.143,0.951,1.0,0.969,0.006,0.053,0.014,-0.414,-0.406,-0.373
19,A2_3,-0.368,0.891,0.933,0.935,0.124,0.126,0.174,0.956,0.969,1.0,0.047,0.09,0.053,-0.44,-0.426,-0.396
19,B2_1,-0.336,0.255,0.164,0.161,0.904,0.936,0.891,0.018,0.006,0.047,1.0,0.957,0.962,-0.418,-0.433,-0.408
19,B2_2,-0.385,0.313,0.231,0.229,0.93,0.934,0.926,0.09,0.053,0.09,0.957,1.0,0.958,-0.469,-0.483,-0.466
19,B2_3,-0.292,0.263,0.174,0.184,0.888,0.894,0.872,0.034,0.014,0.053,0.962,0.958,1.0,-0.504,-0.506,-0.483
19,y1,0.043,-0.579,-0.479,-0.502,-0.469,-0.363,-0.499,-0.361,-0.414,-0.44,-0.418,-0.469,-0.504,1.0,0.958,0.943
19,y2,0.034,-0.583,-0.473,-0.503,-0.463,-0.359,-0.505,-0.358,-0.406,-0.426,-0.433,-0.483,-0.506,0.958,1.0,0.958
19,y3,0.033,-0.565,-0.453,-0.473,-0.44,-0.337,-0.483,-0.33,-0.373,-0.396,-0.408,-0.466,-0.483,0.943,0.958,1.0
20,.,1.0,-0.362,-0.51,-0.498,-0.457,-0.495,-0.487,-0.492,-0.399,-0.387,-0.37,-0.428,-0.334,0.071,0.065,0.067
20,A1_1,-0.362,1.0,0.919,0.918,0.355,0.379,0.415,0.852,0.854,0.893,0.278,0.341,0.28,-0.603,-0.608,-0.599
20,A1_2,-0.51,0.919,1.0,0.973,0.294,0.292,0.35,0.936,0.931,0.941,0.182,0.257,0.185,-0.49,-0.485,-0.474
20,A1_3,-0.498,0.918,0.973,1.0,0.282,0.291,0.342,0.936,0.946,0.938,0.184,0.259,0.199,-0.507,-0.51,-0.49
20,B1_1,-0.457,0.355,0.294,0.282,1.0,0.938,0.97,0.142,0.109,0.144,0.915,0.94,0.905,-0.495,-0.486,-0.471
20,B1_2,-0.495,0.379,0.292,0.291,0.938,1.0,0.93,0.166,0.126,0.158,0.937,0.941,0.902,-0.398,-0.392,-0.379
20,B1_3,-0.487,0.415,0.35,0.342,0.97,0.93,1.0,0.203,0.174,0.202,0.898,0.934,0.882,-0.52,-0.524,-0.51
20,A2_1,-0.492,0.852,0.936,0.936,0.142,0.166,0.203,1.0,0.959,0.96,0.047,0.129,0.059,-0.399,-0.399,-0.377
20,A2_2,-0.399,0.854,0.931,0.946,0.109,0.126,0.174,0.959,1.0,0.971,0.031,0.088,0.033,-0.441,-0.434,-0.41
20,A2_3,-0.387,0.893,0.941,0.938,0.144,0.158,0.202,0.96,0.971,1.0,0.068,0.12,0.069,-0.475,-0.463,-0.442
20,B2_1,-0.37,0.278,0.182,0.184,0.915,0.937,0.898,0.047,0.031,0.068,1.0,0.957,0.967,-0.435,-0.448,-0.428
20,B2_2,-0.428,0.341,0.257,0.259,0.94,0.941,0.934,0.129,0.088,0.12,0.957,1.0,0.958,-0.479,-0.493,-0.482
20,B2_3,-0.334,0.28,0.185,0.199,0.905,0.902,0.882,0.059,0.033,0.069,0.967,0.958,1.0,-0.502,-0.505,-0.487
20,y1,0.071,-0.603,-0.49,-0.507,-0.495,-0.398,-0.52,-0.399,-0.441,-0.475,-0.435,-0.479,-0.502,1.0,0.959,0.947
20,y2,0.065,-0.608,-0.485,-0.51,-0.486,-0.392,-0.524,-0.399,-0.434,-0.463,-0.448,-0.493,-0.505,0.959,1.0,0.962
20,y3,0.067,-0.599,-0.474,-0.49,-0.471,-0.379,-0.51,-0.377,-0.41,-0.442,-0.428,-0.482,-0.487,0.947,0.962,1.0
21,.,1.0,-0.351,-0.483,-0.46,-0.438,-0.469,-0.466,-0.475,-0.369,-0.374,-0.33,-0.391,-0.295,0.031,0.021,0.024
21,A1_1,-0.351,1.0,0.919,0.916,0.34,0.369,0.406,0.848,0.842,0.887,0.265,0.333,0.268,-0.59,-0.595,-0.583
21,A1_2,-0.483,0.919,1.0,0.972,0.256,0.258,0.316,0.94,0.93,0.947,0.143,0.223,0.148,-0.466,-0.461,-0.448
21,A1_3,-0.46,0.916,0.972,1.0,0.23,0.245,0.296,0.94,0.949,0.947,0.134,0.213,0.15,-0.476,-0.481,-0.457
21,B1_1,-0.438,0.34,0.256,0.23,1.0,0.939,0.969,0.113,0.064,0.114,0.913,0.94,0.899,-0.455,-0.446,-0.428
21,B1_2,-0.469,0.369,0.258,0.245,0.939,1.0,0.93,0.14,0.088,0.136,0.937,0.938,0.898,-0.361,-0.357,-0.34
21,B1_3,-0.466,0.406,0.316,0.296,0.969,0.93,1.0,0.176,0.132,0.175,0.895,0.934,0.876,-0.489,-0.493,-0.477
21,A2_1,-0.475,0.848,0.94,0.94,0.113,0.14,0.176,1.0,0.956,0.962,0.013,0.099,0.025,-0.371,-0.372,-0.349
21,A2_2,-0.369,0.842,0.93,0.949,0.064,0.088,0.132,0.956,1.0,0.971,-0.012,0.046,-0.012,-0.398,-0.392,-0.365
21,A2_3,-0.374,0.887,0.947,0.947,0.114,0.136,0.175,0.962,0.971,1.0,0.038,0.094,0.04,-0.436,-0.424,-0.399
21,B2_1,-0.33,0.265,0.143,0.134,0.913,0.937,0.895,0.013,-0.012,0.038,1.0,0.955,0.965,-0.401,-0.415,-0.394
21,B2_2,-0.391,0.333,0.223,0.213,0.94,0.938,0.934,0.099,0.046,0.094,0.955,1.0,0.957,-0.455,-0.47,-0.457
21,B2_3,-0.295,0.268,0.148,0.15,0.899,0.898,0.876,0.025,-0.012,0.04,0.965,0.957,1.0,-0.474,-0.477,-0.458
21,y1,0.031,-0.59,-0.466,-0.476,-0.455,-0.361,-0.489,-0.371,-0.398,-0.436,-0.401,-0.455,-0.474,1.0,0.96,0.946
21,y2,0.021,-0.595,-0.461,-0.481,-0.446,-0.357,-0.493,-0.372,-0.392,-0.424,-0.415,-0.47,-0.477,0.96,1.0,0.961
21,y3,0.024,-0.583,-0.448,-0.457,-0.428,-0.34,-0.477,-0.349,-0.365,-0.399,-0.394,-0.457,-0.458,0.946,0.961,1.0
22,.,1.0,-0.328,-0.47,-0.434,-0.421,-0.454,-0.452,-0.448,-0.353,-0.354,-0.305,-0.382,-0.277,-0.003,-0.014,-0.002
22,A1_1,-0.328,1.0,0.922,0.923,0.332,0.35,0.4,0.844,0.832,0.888,0.244,0.322,0.243,-0.572,-0.578,-0.564
22,A1_2,-0.47,0.922,1.0,0.971,0.257,0.251,0.323,0.927,0.915,0.939,0.132,0.225,0.135,-0.452,-0.45,-0.435
22,A1_3,-0.434,0.923,0.971,1.0,0.223,0.228,0.293,0.932,0.94,0.945,0.118,0.208,0.131,-0.471,-0.476,-0.451
22,B1_1,-0.421,0.332,0.257,0.223,1.0,0.939,0.97,0.087,0.033,0.1,0.901,0.938,0.891,-0.449,-0.436,-0.423
22,B1_2,-0.454,0.35,0.251,0.228,0.939,1.0,0.929,0.105,0.049,0.113,0.93,0.938,0.89,-0.34,-0.332,-0.322
22,B1_3,-0.452,0.4,0.323,0.293,0.97,0.929,1.0,0.156,0.106,0.165,0.879,0.931,0.863,-0.478,-0.478,-0.467
22,A2_1,-0.448,0.844,0.927,0.932,0.087,0.105,0.156,1.0,0.955,0.96,-0.02,0.078,-0.007,-0.359,-0.361,-0.335
22,A2_2,-0.353,0.832,0.915,0.94,0.033,0.049,0.106,0.955,1.0,0.968,-0.052,0.019,-0.053,-0.372,-0.368,-0.337
22,A2_3,-0.354,0.888,0.939,0.945,0.1,0.113,0.165,0.96,0.968,1.0,0.017,0.082,0.015,-0.422,-0.413,-0.385
22,B2_1,-0.305,0.244,0.132,0.118,0.901,0.93,0.879,-0.02,-0.052,0.017,1.0,0.953,0.964,-0.385,-0.397,-0.381
22,B2_2,-0.382,0.322,0.225,0.208,0.938,0.938,0.931,0.078,0.019,0.082,0.953,1.0,0.953,-0.439,-0.45,-0.442
22,B2_3,-0.277,0.243,0.135,0.131,0.891,0.89,0.863,-0.007,-0.053,0.015,0.964,0.953,1.0,-0.46,-0.459,-0.445
22,y1,-0.003,-0.572,-0.452,-0.471,-0.449,-0.34,-0.478,-0.359,-0.372,-0.422,-0.385,-0.439,-0.46,1.0,0.956,0.943
22,y2,-0.014,-0.578,-0.45,-0.476,-0.436,-0.332,-0.478,-0.361,-0.368,-0.413,-0.397,-0.45,-0.459,0.956,1.0,0.957
22,y3,-0.002,-0.564,-0.435,-0.451,-0.423,-0.322,-0.467,-0.335,-0.337,-0.385,-0.381,-0.442,-0.445,0.943,0.957,1.0
23,.,1.0,-0.32,-0.463,-0.429,-0.418,-0.456,-0.45,-0.45,-0.353,-0.346,-0.279,-0.366,-0.24,-0.007,-0.021,-0.011
23,A1_1,-0.32,1.0,0.916,0.917,0.333,0.345,0.401,0.819,0.812,0.878,0.237,0.319,0.248,-0.586,-0.591,-0.572
23,A1_2,-0.463,0.916,1.0,0.972,0.243,0.234,0.307,0.92,0.91,0.936,0.105,0.204,0.119,-0.454,-0.449,-0.429
23,A1_3,-0.429,0.917,0.972,1.0,0.212,0.212,0.279,0.923,0.931,0.941,0.093,0.189,0.12,-0.471,-0.474,-0.443
23,B1_1,-0.418,0.333,0.243,0.212,1.0,0.941,0.969,0.064,0.015,0.09,0.888,0.932,0.869,-0.437,-0.43,-0.41
23,B1_2,-0.456,0.345,0.234,0.212,0.941,1.0,0.931,0.084,0.031,0.101,0.918,0.933,0.869,-0.329,-0.326,-0.308
23,B1_3,-0.45,0.401,0.307,0.279,0.969,0.931,1.0,0.131,0.088,0.154,0.868,0.924,0.845,-0.466,-0.473,-0.454
23,A2_1,-0.45,0.819,0.92,0.923,0.064,0.084,0.131,1.0,0.952,0.955,-0.05,0.05,-0.028,-0.338,-0.337,-0.308
23,A2_2,-0.353,0.812,0.91,0.931,0.015,0.031,0.088,0.952,1.0,0.965,-0.073,-0.002,-0.063,-0.359,-0.352,-0.32
23,A2_3,-0.346,0.878,0.936,0.941,0.09,0.101,0.154,0.955,0.965,1.0,0.004,0.07,0.014,-0.423,-0.411,-0.379
