,,.,A1_1,A1_2,A1_3,B1_1,B1_2,B1_3,A2_1,A2_2,A2_3,B2_1,B2_2,B2_3,y1,y2,y3
0,.,0.061,0.035,0.048,0.103,0.019,0.073,0.043,0.084,0.083,0.077,0.069,0.061,0.038,0.072,0.038,0.095
0,A1_1,0.059,0.045,0.073,0.075,0.029,0.056,0.039,0.065,0.101,0.047,0.071,0.063,0.036,0.126,0.024,0.092
0,A1_2,0.095,0.063,0.026,0.147,0.039,0.066,0.088,0.033,0.06,0.078,0.063,0.013,0.056,0.076,0.045,0.053
0,A1_3,0.058,0.05,0.07,0.202,0.046,0.037,0.064,0.018,0.076,0.047,0.069,0.016,0.05,0.05,0.08,0.068
0,B1_1,0.05,0.038,0.053,0.103,0.03,0.036,0.012,0.121,0.121,0.107,0.066,0.03,0.116,0.017,0.04,0.061
0,B1_2,0.034,0.074,0.077,0.069,0.066,0.047,0.046,0.042,0.029,0.06,0.194,0.026,0.112,0.008,0.012,0.102
0,B1_3,0.06,0.037,0.049,0.188,0.013,0.128,0.024,0.056,0.054,0.043,0.108,0.011,0.049,0.022,0.061,0.097
0,A2_1,0.021,0.01,0.103,0.085,0.021,0.032,0.047,0.084,0.103,0.047,0.079,0.042,0.053,0.077,0.01,0.186
0,A2_2,0.087,0.055,0.022,0.069,0.052,0.056,0.075,0.116,0.087,0.047,0.043,0.094,0.101,0.03,0.02,0.046
0,A2_3,0.032,0.035,0.032,0.15,0.014,0.066,0.022,0.041,0.081,0.052,0.052,0.034,0.067,0.084,0.075,0.163
0,B2_1,0.024,0.016,0.043,0.183,0.019,0.041,0.08,0.073,0.064,0.045,0.068,0.017,0.018,0.064,0.03,0.217
0,B2_2,0.036,0.046,0.073,0.05,0.104,0.059,0.051,0.038,0.056,0.054,0.103,0.07,0.133,0.016,0.02,0.091
0,B2_3,0.031,0.011,0.066,0.231,0.005,0.05,0.016,0.074,0.085,0.064,0.043,0.046,0.034,0.058,0.144,0.044
0,y1,0.049,0.052,0.034,0.12,0.086,0.067,0.056,0.055,0.055,0.041,0.058,0.041,0.053,0.08,0.017,0.136
0,y2,0.04,0.078,0.05,0.044,0.021,0.046,0.062,0.14,0.193,0.057,0.051,0.052,0.046,0.02,0.045,0.056
0,y3,0.04,0.01,0.029,0.29,0.042,0.099,0.011,0.022,0.035,0.054,0.086,0.026,0.084,0.079,0.031,0.062
1,.,0.082,0.035,0.049,0.099,0.019,0.069,0.041,0.075,0.082,0.076,0.06,0.061,0.037,0.074,0.045,0.096
1,A1_1,0.087,0.045,0.071,0.061,0.025,0.043,0.037,0.056,0.091,0.041,0.055,0.057,0.031,0.158,0.034,0.107
1,A1_2,0.085,0.061,0.026,0.126,0.054,0.083,0.081,0.028,0.061,0.083,0.067,0.017,0.071,0.066,0.041,0.05
1,A1_3,0.145,0.04,0.064,0.146,0.036,0.023,0.062,0.014,0.055,0.035,0.041,0.016,0.041,0.058,0.139,0.085
1,B1_1,0.053,0.05,0.053,0.088,0.041,0.045,0.012,0.099,0.116,0.124,0.071,0.03,0.13,0.017,0.028,0.042
1,B1_2,0.063,0.071,0.083,0.063,0.073,0.041,0.051,0.049,0.031,0.059,0.155,0.02,0.101,0.008,0.02,0.112
1,B1_3,0.084,0.036,0.051,0.165,0.013,0.113,0.033,0.045,0.057,0.046,0.106,0.01,0.053,0.03,0.066,0.093
1,A2_1,0.046,0.013,0.09,0.075,0.023,0.032,0.055,0.082,0.105,0.048,0.061,0.029,0.052,0.077,0.02,0.191
1,A2_2,0.058,0.04,0.018,0.068,0.06,0.066,0.059,0.097,0.082,0.068,0.05,0.099,0.168,0.021,0.012,0.035
1,A2_3,0.059,0.03,0.03,0.101,0.008,0.037,0.024,0.033,0.054,0.041,0.028,0.024,0.036,0.109,0.157,0.229
1,B2_1,0.021,0.02,0.037,0.141,0.026,0.043,0.074,0.069,0.075,0.057,0.07,0.023,0.026,0.075,0.02,0.224
1,B2_2,0.103,0.039,0.061,0.036,0.11,0.048,0.074,0.04,0.036,0.048,0.08,0.067,0.117,0.018,0.035,0.088
1,B2_3,0.042,0.01,0.051,0.271,0.005,0.048,0.015,0.045,0.083,0.07,0.048,0.029,0.035,0.083,0.124,0.04
1,y1,0.077,0.061,0.031,0.085,0.107,0.037,0.073,0.067,0.065,0.034,0.032,0.028,0.038,0.063,0.039,0.162
1,y2,0.016,0.061,0.037,0.042,0.034,0.08,0.041,0.092,0.196,0.079,0.082,0.082,0.095,0.008,0.019,0.035
1,y3,0.153,0.007,0.022,0.224,0.019,0.048,0.014,0.031,0.026,0.037,0.035,0.014,0.032,0.099,0.161,0.077
2,.,0.091,0.035,0.049,0.098,0.02,0.064,0.039,0.074,0.085,0.073,0.055,0.058,0.035,0.078,0.049,0.1
2,A1_1,0.075,0.043,0.066,0.055,0.026,0.039,0.037,0.051,0.09,0.038,0.048,0.051,0.029,0.184,0.043,0.124
2,A1_2,0.069,0.05,0.027,0.11,0.068,0.09,0.088,0.028,0.061,0.074,0.069,0.02,0.083,0.065,0.045,0.052
2,A1_3,0.187,0.032,0.053,0.109,0.031,0.019,0.056,0.012,0.045,0.027,0.033,0.017,0.043,0.071,0.169,0.097
2,B1_1,0.061,0.05,0.054,0.086,0.053,0.046,0.012,0.098,0.116,0.113,0.072,0.035,0.127,0.015,0.023,0.037
2,B1_2,0.072,0.072,0.091,0.06,0.073,0.039,0.05,0.048,0.029,0.056,0.139,0.017,0.093,0.009,0.027,0.126
2,B1_3,0.085,0.034,0.051,0.143,0.015,0.114,0.037,0.045,0.066,0.044,0.096,0.009,0.054,0.038,0.072,0.097
2,A2_1,0.057,0.012,0.085,0.072,0.029,0.032,0.061,0.074,0.11,0.045,0.05,0.027,0.062,0.078,0.026,0.179
2,A2_2,0.045,0.033,0.019,0.076,0.058,0.069,0.054,0.106,0.086,0.079,0.047,0.093,0.175,0.018,0.012,0.029
2,A2_3,0.048,0.02,0.024,0.064,0.006,0.025,0.021,0.027,0.042,0.035,0.02,0.016,0.026,0.132,0.186,0.309
2,B2_1,0.014,0.021,0.038,0.129,0.041,0.042,0.083,0.062,0.069,0.056,0.088,0.031,0.027,0.053,0.019,0.227
2,B2_2,0.165,0.031,0.048,0.035,0.087,0.05,0.065,0.033,0.026,0.035,0.077,0.065,0.118,0.025,0.057,0.083
2,B2_3,0.041,0.011,0.061,0.242,0.005,0.043,0.014,0.066,0.1,0.068,0.055,0.031,0.031,0.097,0.097,0.039
2,y1,0.095,0.054,0.023,0.064,0.134,0.038,0.071,0.051,0.063,0.028,0.027,0.027,0.038,0.062,0.056,0.169
2,y2,0.015,0.052,0.036,0.042,0.047,0.106,0.049,0.079,0.141,0.071,0.088,0.099,0.129,0.007,0.017,0.023
2,y3,0.226,0.007,0.016,0.168,0.012,0.032,0.01,0.026,0.02,0.03,0.021,0.009,0.025,0.116,0.194,0.086
3,.,0.098,0.036,0.051,0.097,0.019,0.061,0.037,0.073,0.085,0.071,0.05,0.055,0.034,0.082,0.05,0.099
3,A1_1,0.061,0.042,0.063,0.05,0.025,0.035,0.036,0.046,0.088,0.035,0.042,0.047,0.028,0.223,0.046,0.132
3,A1_2,0.058,0.047,0.026,0.099,0.078,0.098,0.101,0.024,0.058,0.063,0.064,0.023,0.099,0.063,0.05,0.05
3,A1_3,0.226,0.025,0.044,0.095,0.026,0.016,0.045,0.009,0.041,0.023,0.028,0.017,0.04,0.075,0.192,0.099
3,B1_1,0.073,0.067,0.067,0.081,0.055,0.049,0.013,0.097,0.104,0.104,0.067,0.038,0.121,0.013,0.022,0.032
3,B1_2,0.066,0.081,0.096,0.063,0.064,0.039,0.04,0.046,0.032,0.06,0.138,0.016,0.079,0.011,0.035,0.135
3,B1_3,0.079,0.032,0.053,0.132,0.016,0.133,0.039,0.039,0.07,0.04,0.087,0.011,0.049,0.044,0.08,0.097
3,A2_1,0.061,0.012,0.082,0.066,0.024,0.029,0.052,0.072,0.124,0.043,0.04,0.034,0.061,0.101,0.027,0.172
3,A2_2,0.035,0.033,0.021,0.085,0.054,0.074,0.057,0.111,0.088,0.079,0.041,0.101,0.159,0.021,0.014,0.026
3,A2_3,0.041,0.012,0.016,0.044,0.004,0.014,0.014,0.016,0.036,0.025,0.012,0.013,0.015,0.162,0.177,0.397
3,B2_1,0.01,0.031,0.056,0.104,0.056,0.047,0.103,0.044,0.06,0.054,0.09,0.054,0.031,0.046,0.019,0.195
3,B2_2,0.235,0.025,0.042,0.038,0.068,0.044,0.04,0.024,0.024,0.03,0.07,0.066,0.089,0.037,0.084,0.084
3,B2_3,0.039,0.012,0.093,0.226,0.004,0.044,0.014,0.067,0.116,0.059,0.045,0.038,0.026,0.107,0.079,0.031
3,y1,0.091,0.059,0.02,0.06,0.093,0.038,0.043,0.043,0.076,0.027,0.024,0.033,0.031,0.12,0.071,0.17
3,y2,0.01,0.051,0.042,0.049,0.053,0.129,0.06,0.059,0.153,0.053,0.077,0.106,0.12,0.006,0.017,0.015
3,y3,0.337,0.005,0.013,0.109,0.007,0.018,0.005,0.015,0.017,0.022,0.013,0.009,0.019,0.156,0.165,0.089
4,.,0.104,0.037,0.053,0.098,0.018,0.06,0.034,0.069,0.087,0.074,0.046,0.053,0.033,0.081,0.052,0.101
4,A1_1,0.056,0.041,0.063,0.048,0.024,0.035,0.034,0.042,0.089,0.035,0.038,0.045,0.026,0.229,0.053,0.141
4,A1_2,0.052,0.044,0.026,0.092,0.082,0.104,0.11,0.02,0.056,0.062,0.061,0.026,0.107,0.057,0.058,0.044
4,A1_3,0.287,0.023,0.038,0.082,0.022,0.015,0.037,0.007,0.034,0.022,0.024,0.018,0.038,0.065,0.192,0.095
4,B1_1,0.079,0.075,0.078,0.088,0.046,0.052,0.012,0.09,0.11,0.117,0.059,0.034,0.103,0.012,0.023,0.023
4,B1_2,0.056,0.083,0.106,0.067,0.056,0.042,0.036,0.045,0.037,0.063,0.126,0.014,0.06,0.012,0.039,0.158
4,B1_3,0.086,0.034,0.058,0.114,0.016,0.148,0.041,0.034,0.067,0.039,0.083,0.015,0.051,0.045,0.069,0.101
4,A2_1,0.065,0.013,0.075,0.068,0.019,0.03,0.039,0.071,0.142,0.044,0.032,0.038,0.053,0.116,0.031,0.165
4,A2_2,0.031,0.034,0.029,0.086,0.051,0.068,0.058,0.107,0.102,0.082,0.035,0.113,0.134,0.028,0.015,0.028
4,A2_3,0.032,0.01,0.012,0.035,0.004,0.011,0.011,0.011,0.03,0.02,0.008,0.011,0.011,0.176,0.144,0.473
4,B2_1,0.01,0.032,0.068,0.107,0.056,0.056,0.113,0.028,0.06,0.052,0.09,0.074,0.04,0.051,0.022,0.142
4,B2_2,0.295,0.025,0.046,0.04,0.052,0.037,0.026,0.017,0.026,0.026,0.057,0.075,0.065,0.041,0.09,0.081
4,B2_3,0.039,0.014,0.119,0.234,0.004,0.038,0.009,0.058,0.133,0.054,0.034,0.047,0.022,0.109,0.06,0.025
4,y1,0.068,0.062,0.025,0.062,0.058,0.046,0.029,0.041,0.098,0.025,0.022,0.034,0.018,0.165,0.078,0.17
4,y2,0.009,0.045,0.056,0.054,0.052,0.115,0.068,0.047,0.195,0.049,0.068,0.105,0.097,0.007,0.018,0.014
4,y3,0.374,0.005,0.011,0.079,0.005,0.019,0.004,0.011,0.016,0.017,0.01,0.011,0.018,0.216,0.114,0.09
5,.,0.113,0.039,0.053,0.099,0.017,0.058,0.032,0.069,0.089,0.071,0.045,0.049,0.031,0.085,0.054,0.095
5,A1_1,0.051,0.042,0.059,0.047,0.023,0.033,0.033,0.04,0.087,0.033,0.038,0.041,0.024,0.252,0.061,0.137
5,A1_2,0.05,0.044,0.023,0.083,0.084,0.116,0.11,0.018,0.052,0.054,0.063,0.03,0.123,0.05,0.057,0.044
5,A1_3,0.391,0.017,0.03,0.066,0.017,0.012,0.028,0.005,0.029,0.016,0.02,0.017,0.033,0.059,0.185,0.075
5,B1_1,0.086,0.098,0.08,0.093,0.04,0.048,0.011,0.093,0.127,0.106,0.05,0.033,0.085,0.011,0.018,0.023
5,B1_2,0.05,0.093,0.108,0.069,0.052,0.039,0.033,0.041,0.04,0.058,0.118,0.012,0.05,0.016,0.058,0.165
5,B1_3,0.082,0.03,0.051,0.098,0.018,0.173,0.045,0.031,0.073,0.035,0.085,0.017,0.057,0.047,0.071,0.088
5,A2_1,0.093,0.012,0.074,0.067,0.016,0.028,0.033,0.074,0.156,0.047,0.027,0.043,0.057,0.103,0.03,0.142
5,A2_2,0.025,0.043,0.037,0.096,0.039,0.061,0.048,0.124,0.104,0.094,0.033,0.107,0.105,0.034,0.016,0.036
5,A2_3,0.024,0.006,0.009,0.023,0.004,0.008,0.011,0.009,0.023,0.014,0.007,0.008,0.007,0.236,0.16,0.452
5,B2_1,0.012,0.036,0.063,0.082,0.064,0.063,0.126,0.02,0.043,0.044,0.101,0.112,0.058,0.037,0.021,0.119
5,B2_2,0.432,0.017,0.043,0.033,0.025,0.028,0.013,0.011,0.018,0.018,0.043,0.067,0.037,0.05,0.108,0.055
5,B2_3,0.044,0.023,0.137,0.229,0.005,0.03,0.008,0.074,0.163,0.042,0.028,0.043,0.014,0.101,0.038,0.022
5,y1,0.055,0.08,0.027,0.045,0.055,0.05,0.022,0.037,0.091,0.026,0.02,0.043,0.017,0.178,0.094,0.163
5,y2,0.013,0.038,0.047,0.049,0.053,0.158,0.08,0.038,0.153,0.049,0.062,0.111,0.109,0.008,0.018,0.015
5,y3,0.497,0.004,0.011,0.056,0.005,0.013,0.004,0.01,0.013,0.014,0.007,0.009,0.018,0.187,0.091,0.062
6,.,0.118,0.038,0.055,0.099,0.017,0.057,0.031,0.07,0.09,0.071,0.043,0.048,0.03,0.084,0.055,0.095
6,A1_1,0.047,0.04,0.06,0.045,0.022,0.033,0.031,0.039,0.085,0.033,0.036,0.042,0.022,0.252,0.063,0.15
6,A1_2,0.044,0.039,0.022,0.072,0.086,0.124,0.11,0.017,0.049,0.051,0.071,0.038,0.126,0.049,0.058,0.044
6,A1_3,0.459,0.014,0.028,0.054,0.015,0.01,0.024,0.004,0.023,0.013,0.017,0.017,0.028,0.055,0.171,0.068
6,B1_1,0.09,0.091,0.082,0.097,0.036,0.045,0.01,0.106,0.137,0.112,0.045,0.032,0.07,0.009,0.019,0.02
6,B1_2,0.043,0.087,0.115,0.071,0.047,0.038,0.033,0.041,0.042,0.057,0.101,0.01,0.038,0.021,0.063,0.193
6,B1_3,0.085,0.029,0.048,0.081,0.021,0.196,0.047,0.028,0.073,0.031,0.082,0.022,0.067,0.044,0.067,0.079
6,A2_1,0.11,0.012,0.078,0.071,0.014,0.028,0.03,0.07,0.154,0.049,0.022,0.047,0.054,0.099,0.029,0.133
6,A2_2,0.024,0.04,0.04,0.103,0.036,0.054,0.043,0.145,0.111,0.103,0.029,0.098,0.085,0.041,0.016,0.035
6,A2_3,0.019,0.006,0.009,0.019,0.004,0.007,0.012,0.007,0.02,0.012,0.006,0.006,0.006,0.237,0.135,0.496
6,B2_1,0.014,0.029,0.054,0.071,0.059,0.069,0.115,0.014,0.033,0.041,0.118,0.154,0.075,0.032,0.024,0.097
6,B2_2,0.516,0.014,0.046,0.032,0.019,0.023,0.011,0.008,0.014,0.014,0.035,0.056,0.026,0.05,0.092,0.043
6,B2_3,0.049,0.027,0.134,0.22,0.005,0.023,0.006,0.091,0.199,0.043,0.022,0.035,0.01,0.083,0.034,0.021
6,y1,0.031,0.089,0.031,0.039,0.054,0.054,0.023,0.038,0.079,0.028,0.018,0.042,0.014,0.173,0.094,0.191
6,y2,0.018,0.025,0.033,0.038,0.052,0.171,0.091,0.033,0.129,0.041,0.071,0.129,0.117,0.011,0.022,0.018
6,y3,0.628,0.004,0.01,0.047,0.004,0.013,0.005,0.01,0.01,0.012,0.005,0.009,0.021,0.139,0.048,0.038
7,.,0.123,0.04,0.056,0.102,0.016,0.055,0.03,0.067,0.089,0.07,0.042,0.047,0.029,0.084,0.056,0.094
7,A1_1,0.044,0.041,0.061,0.046,0.022,0.032,0.03,0.037,0.082,0.032,0.035,0.039,0.021,0.258,0.066,0.155
7,A1_2,0.043,0.038,0.02,0.068,0.091,0.131,0.121,0.015,0.045,0.044,0.075,0.038,0.125,0.046,0.06,0.041
7,A1_3,0.502,0.014,0.024,0.049,0.014,0.009,0.021,0.004,0.021,0.012,0.015,0.016,0.028,0.048,0.163,0.059
7,B1_1,0.098,0.102,0.093,0.106,0.031,0.045,0.009,0.1,0.137,0.11,0.041,0.025,0.058,0.009,0.017,0.018
7,B1_2,0.033,0.093,0.116,0.075,0.043,0.039,0.03,0.044,0.045,0.059,0.092,0.009,0.033,0.021,0.063,0.205
7,B1_3,0.077,0.025,0.042,0.073,0.022,0.202,0.054,0.025,0.065,0.028,0.087,0.024,0.07,0.048,0.07,0.089
7,A2_1,0.114,0.011,0.079,0.075,0.014,0.029,0.031,0.072,0.152,0.051,0.023,0.056,0.059,0.081,0.026,0.125
7,A2_2,0.027,0.039,0.046,0.114,0.028,0.046,0.037,0.147,0.115,0.105,0.026,0.093,0.068,0.048,0.017,0.043
7,A2_3,0.012,0.006,0.008,0.018,0.004,0.006,0.01,0.007,0.019,0.012,0.005,0.006,0.005,0.237,0.124,0.523
7,B2_1,0.015,0.026,0.042,0.058,0.064,0.076,0.142,0.01,0.026,0.031,0.117,0.155,0.086,0.033,0.029,0.09
7,B2_2,0.538,0.014,0.048,0.032,0.016,0.021,0.009,0.007,0.015,0.014,0.03,0.06,0.027,0.048,0.085,0.037
7,B2_3,0.055,0.03,0.138,0.239,0.004,0.019,0.005,0.082,0.206,0.042,0.018,0.027,0.007,0.079,0.03,0.02
7,y1,0.021,0.103,0.038,0.044,0.057,0.054,0.022,0.04,0.083,0.033,0.019,0.042,0.015,0.147,0.099,0.184
7,y2,0.022,0.022,0.03,0.035,0.049,0.191,0.109,0.03,0.11,0.035,0.075,0.115,0.103,0.017,0.031,0.025
7,y3,0.66,0.004,0.01,0.043,0.004,0.013,0.005,0.011,0.012,0.013,0.005,0.011,0.028,0.121,0.032,0.029
8,.,0.129,0.038,0.057,0.1,0.016,0.053,0.028,0.067,0.09,0.071,0.041,0.046,0.028,0.084,0.058,0.093
8,A1_1,0.042,0.039,0.061,0.044,0.022,0.03,0.028,0.037,0.081,0.032,0.033,0.038,0.019,0.269,0.069,0.156
8,A1_2,0.043,0.036,0.02,0.06,0.093,0.137,0.118,0.015,0.045,0.04,0.081,0.045,0.117,0.05,0.059,0.041
8,A1_3,0.557,0.012,0.02,0.039,0.013,0.008,0.018,0.004,0.016,0.009,0.013,0.014,0.025,0.047,0.155,0.051
8,B1_1,0.109,0.098,0.098,0.107,0.03,0.04,0.009,0.091,0.159,0.11,0.037,0.024,0.049,0.009,0.014,0.015
8,B1_2,0.035,0.087,0.12,0.076,0.044,0.033,0.028,0.046,0.045,0.06,0.073,0.008,0.028,0.024,0.073,0.22
8,B1_3,0.085,0.027,0.036,0.058,0.024,0.225,0.054,0.024,0.063,0.027,0.085,0.028,0.074,0.045,0.067,0.079
8,A2_1,0.152,0.012,0.07,0.077,0.015,0.029,0.029,0.069,0.142,0.052,0.022,0.052,0.065,0.081,0.027,0.106
8,A2_2,0.032,0.037,0.048,0.127,0.026,0.039,0.035,0.158,0.125,0.12,0.023,0.071,0.058,0.049,0.015,0.038
8,A2_3,0.011,0.006,0.008,0.016,0.004,0.006,0.01,0.008,0.018,0.013,0.006,0.004,0.005,0.204,0.13,0.552
8,B2_1,0.015,0.022,0.036,0.05,0.058,0.089,0.141,0.008,0.021,0.028,0.146,0.168,0.08,0.031,0.028,0.082
8,B2_2,0.68,0.009,0.031,0.021,0.012,0.013,0.007,0.006,0.008,0.008,0.025,0.037,0.022,0.037,0.059,0.025
8,B2_3,0.051,0.041,0.15,0.208,0.004,0.017,0.004,0.095,0.245,0.052,0.015,0.021,0.005,0.059,0.019,0.015
8,y1,0.017,0.08,0.03,0.035,0.068,0.038,0.022,0.037,0.058,0.031,0.016,0.032,0.014,0.148,0.144,0.229
8,y2,0.022,0.019,0.017,0.019,0.056,0.232,0.129,0.022,0.061,0.027,0.086,0.13,0.118,0.015,0.028,0.02
8,y3,0.794,0.003,0.006,0.033,0.003,0.009,0.003,0.008,0.007,0.01,0.004,0.007,0.025,0.055,0.021,0.014
9,.,0.133,0.037,0.056,0.103,0.016,0.051,0.028,0.067,0.089,0.069,0.041,0.046,0.028,0.084,0.059,0.092
9,A1_1,0.042,0.038,0.06,0.046,0.021,0.029,0.027,0.036,0.078,0.03,0.034,0.036,0.019,0.279,0.074,0.149
9,A1_2,0.041,0.034,0.019,0.057,0.097,0.14,0.12,0.013,0.041,0.037,0.083,0.047,0.126,0.047,0.059,0.038
9,A1_3,0.591,0.01,0.019,0.037,0.012,0.007,0.016,0.003,0.014,0.008,0.013,0.013,0.022,0.043,0.146,0.046
9,B1_1,0.115,0.094,0.106,0.115,0.027,0.039,0.008,0.095,0.159,0.108,0.035,0.021,0.044,0.008,0.013,0.014
9,B1_2,0.031,0.086,0.125,0.082,0.041,0.033,0.025,0.047,0.047,0.058,0.068,0.007,0.023,0.027,0.088,0.213
9,B1_3,0.073,0.024,0.031,0.049,0.027,0.241,0.057,0.022,0.061,0.024,0.088,0.032,0.081,0.047,0.064,0.078
9,A2_1,0.176,0.011,0.066,0.077,0.015,0.031,0.028,0.07,0.133,0.052,0.023,0.056,0.071,0.07,0.025,0.097
9,A2_2,0.036,0.033,0.05,0.15,0.02,0.032,0.031,0.163,0.118,0.122,0.022,0.066,0.049,0.052,0.015,0.041
9,A2_3,0.008,0.006,0.007,0.016,0.004,0.005,0.01,0.007,0.017,0.012,0.006,0.004,0.004,0.209,0.135,0.55
9,B2_1,0.016,0.019,0.027,0.038,0.059,0.093,0.149,0.006,0.016,0.022,0.15,0.181,0.103,0.027,0.027,0.066
9,B2_2,0.717,0.008,0.03,0.02,0.008,0.011,0.006,0.005,0.007,0.007,0.022,0.032,0.018,0.036,0.053,0.02
9,B2_3,0.05,0.044,0.146,0.211,0.003,0.015,0.004,0.095,0.269,0.052,0.013,0.016,0.004,0.048,0.015,0.014
9,y1,0.015,0.082,0.03,0.035,0.077,0.034,0.021,0.038,0.054,0.032,0.016,0.032,0.014,0.127,0.187,0.207
9,y2,0.027,0.017,0.014,0.015,0.056,0.251,0.127,0.019,0.05,0.023,0.081,0.121,0.129,0.019,0.03,0.022
9,y3,0.797,0.003,0.006,0.035,0.003,0.009,0.003,0.009,0.009,0.012,0.004,0.009,0.027,0.046,0.015,0.012
10,.,0.135,0.037,0.055,0.103,0.015,0.049,0.027,0.068,0.089,0.069,0.04,0.047,0.027,0.088,0.059,0.091
10,A1_1,0.04,0.037,0.058,0.045,0.021,0.027,0.026,0.036,0.078,0.029,0.031,0.038,0.018,0.292,0.075,0.149
10,A1_2,0.04,0.031,0.018,0.056,0.107,0.133,0.113,0.013,0.041,0.035,0.091,0.054,0.122,0.046,0.059,0.04
10,A1_3,0.621,0.009,0.017,0.032,0.011,0.006,0.015,0.003,0.012,0.007,0.011,0.014,0.019,0.043,0.138,0.042
10,B1_1,0.112,0.089,0.1,0.125,0.027,0.036,0.007,0.099,0.182,0.099,0.033,0.019,0.038,0.007,0.013,0.014
10,B1_2,0.027,0.079,0.124,0.078,0.037,0.029,0.024,0.048,0.05,0.057,0.052,0.007,0.019,0.033,0.098,0.236
10,B1_3,0.072,0.023,0.025,0.039,0.032,0.253,0.06,0.021,0.059,0.022,0.087,0.037,0.09,0.049,0.06,0.07
10,A2_1,0.195,0.011,0.063,0.075,0.015,0.028,0.026,0.074,0.132,0.052,0.021,0.058,0.072,0.066,0.023,0.087
10,A2_2,0.035,0.028,0.048,0.173,0.018,0.026,0.027,0.177,0.116,0.122,0.019,0.056,0.041,0.053,0.014,0.046
10,A2_3,0.007,0.007,0.007,0.014,0.004,0.004,0.012,0.007,0.015,0.011,0.005,0.005,0.003,0.217,0.134,0.547
10,B2_1,0.018,0.015,0.021,0.033,0.066,0.087,0.136,0.005,0.012,0.019,0.176,0.199,0.109,0.021,0.026,0.057
10,B2_2,0.776,0.007,0.026,0.015,0.006,0.008,0.004,0.005,0.006,0.006,0.016,0.027,0.014,0.028,0.041,0.014
10,B2_3,0.039,0.05,0.129,0.203,0.003,0.013,0.003,0.108,0.302,0.051,0.012,0.011,0.003,0.047,0.014,0.014
10,y1,0.011,0.067,0.025,0.026,0.092,0.032,0.025,0.038,0.048,0.03,0.014,0.038,0.015,0.126,0.212,0.201
10,y2,0.043,0.014,0.01,0.011,0.07,0.218,0.12,0.017,0.036,0.019,0.085,0.127,0.154,0.021,0.032,0.022
10,y3,0.822,0.003,0.006,0.033,0.002,0.009,0.003,0.01,0.01,0.014,0.004,0.009,0.025,0.031,0.01,0.009
11,.,0.14,0.037,0.056,0.104,0.015,0.048,0.026,0.068,0.089,0.068,0.039,0.047,0.027,0.086,0.058,0.093
11,A1_1,0.041,0.036,0.059,0.046,0.02,0.026,0.025,0.036,0.076,0.029,0.03,0.039,0.018,0.287,0.075,0.157
11,A1_2,0.038,0.031,0.018,0.055,0.103,0.14,0.122,0.013,0.038,0.033,0.084,0.062,0.118,0.046,0.059,0.04
11,A1_3,0.639,0.009,0.015,0.03,0.01,0.005,0.014,0.003,0.011,0.006,0.011,0.013,0.018,0.044,0.13,0.041
11,B1_1,0.116,0.097,0.109,0.121,0.024,0.036,0.007,0.099,0.184,0.098,0.029,0.019,0.033,0.007,0.011,0.012
11,B1_2,0.025,0.078,0.125,0.084,0.038,0.025,0.021,0.046,0.048,0.057,0.046,0.007,0.018,0.033,0.108,0.241
11,B1_3,0.062,0.022,0.024,0.037,0.032,0.274,0.061,0.022,0.06,0.021,0.08,0.045,0.085,0.048,0.057,0.069
11,A2_1,0.212,0.01,0.057,0.072,0.015,0.026,0.025,0.071,0.121,0.05,0.021,0.061,0.076,0.069,0.023,0.091
11,A2_2,0.032,0.031,0.055,0.182,0.016,0.026,0.027,0.178,0.108,0.123,0.02,0.057,0.041,0.048,0.013,0.043
11,A2_3,0.007,0.005,0.006,0.012,0.003,0.004,0.009,0.006,0.014,0.009,0.005,0.004,0.003,0.192,0.13,0.592
11,B2_1,0.014,0.014,0.02,0.027,0.065,0.088,0.144,0.005,0.01,0.017,0.147,0.262,0.102,0.017,0.02,0.047
11,B2_2,0.811,0.006,0.019,0.013,0.005,0.006,0.004,0.003,0.004,0.004,0.013,0.019,0.012,0.032,0.038,0.013
11,B2_3,0.033,0.054,0.145,0.197,0.003,0.013,0.003,0.101,0.321,0.048,0.011,0.01,0.003,0.037,0.01,0.011
11,y1,0.013,0.06,0.025,0.029,0.074,0.024,0.018,0.033,0.043,0.029,0.012,0.035,0.013,0.124,0.248,0.22
11,y2,0.031,0.015,0.01,0.011,0.06,0.265,0.121,0.016,0.037,0.019,0.074,0.154,0.131,0.017,0.023,0.017
11,y3,0.856,0.003,0.005,0.023,0.002,0.006,0.002,0.008,0.007,0.01,0.003,0.006,0.02,0.032,0.01,0.009
12,.,0.142,0.036,0.057,0.104,0.014,0.047,0.025,0.066,0.089,0.07,0.038,0.047,0.027,0.088,0.056,0.094
12,A1_1,0.04,0.036,0.06,0.044,0.019,0.025,0.024,0.033,0.075,0.029,0.028,0.038,0.017,0.31,0.068,0.155
12,A1_2,0.039,0.03,0.017,0.054,0.102,0.141,0.118,0.012,0.036,0.032,0.089,0.066,0.115,0.048,0.058,0.04
12,A1_3,0.652,0.008,0.016,0.028,0.01,0.005,0.014,0.002,0.01,0.006,0.01,0.012,0.017,0.044,0.124,0.041
12,B1_1,0.121,0.096,0.095,0.129,0.023,0.035,0.006,0.084,0.204,0.105,0.026,0.017,0.03,0.006,0.012,0.011
12,B1_2,0.022,0.081,0.139,0.084,0.036,0.023,0.023,0.043,0.051,0.057,0.039,0.006,0.015,0.044,0.088,0.25
12,B1_3,0.068,0.022,0.024,0.032,0.032,0.283,0.061,0.023,0.056,0.02,0.079,0.047,0.084,0.052,0.051,0.067
12,A2_1,0.207,0.01,0.063,0.07,0.014,0.026,0.025,0.068,0.126,0.05,0.02,0.06,0.074,0.074,0.023,0.091
12,A2_2,0.034,0.029,0.051,0.202,0.016,0.023,0.025,0.161,0.109,0.127,0.019,0.053,0.039,0.055,0.014,0.044
12,A2_3,0.006,0.005,0.008,0.011,0.003,0.003,0.011,0.006,0.013,0.008,0.005,0.004,0.003,0.237,0.098,0.578
12,B2_1,0.018,0.013,0.017,0.025,0.058,0.089,0.113,0.004,0.01,0.016,0.16,0.289,0.107,0.018,0.022,0.041
12,B2_2,0.799,0.007,0.026,0.013,0.005,0.006,0.004,0.003,0.004,0.005,0.012,0.021,0.011,0.03,0.042,0.013
12,B2_3,0.033,0.048,0.114,0.199,0.003,0.011,0.002,0.082,0.374,0.052,0.009,0.009,0.002,0.039,0.012,0.012
12,y1,0.01,0.068,0.033,0.027,0.084,0.025,0.024,0.036,0.043,0.028,0.012,0.043,0.012,0.154,0.184,0.219
12,y2,0.051,0.015,0.009,0.009,0.055,0.258,0.098,0.016,0.032,0.016,0.083,0.146,0.141,0.023,0.03,0.018
12,y3,0.806,0.003,0.009,0.034,0.002,0.008,0.003,0.012,0.013,0.014,0.004,0.008,0.026,0.038,0.009,0.01
13,.,0.145,0.037,0.058,0.102,0.015,0.046,0.026,0.068,0.087,0.068,0.038,0.046,0.027,0.085,0.06,0.094
13,A1_1,0.04,0.037,0.06,0.043,0.019,0.026,0.024,0.034,0.071,0.028,0.028,0.036,0.017,0.297,0.079,0.162
13,A1_2,0.04,0.029,0.016,0.05,0.115,0.134,0.14,0.012,0.032,0.029,0.085,0.064,0.117,0.043,0.056,0.038
13,A1_3,0.692,0.008,0.013,0.024,0.009,0.004,0.012,0.002,0.009,0.005,0.009,0.01,0.016,0.038,0.114,0.035
13,B1_1,0.109,0.101,0.117,0.134,0.025,0.035,0.007,0.1,0.176,0.099,0.027,0.014,0.028,0.007,0.011,0.011
13,B1_2,0.026,0.081,0.119,0.07,0.031,0.024,0.023,0.039,0.043,0.052,0.039,0.006,0.015,0.036,0.101,0.293
13,B1_3,0.072,0.022,0.022,0.032,0.037,0.265,0.068,0.025,0.05,0.018,0.087,0.052,0.09,0.042,0.051,0.067
13,A2_1,0.282,0.009,0.056,0.059,0.011,0.022,0.023,0.077,0.103,0.049,0.018,0.042,0.061,0.072,0.022,0.093
13,A2_2,0.023,0.034,0.058,0.18,0.019,0.023,0.029,0.187,0.106,0.13,0.018,0.05,0.04,0.047,0.014,0.043
13,A2_3,0.007,0.004,0.004,0.008,0.003,0.003,0.009,0.004,0.009,0.006,0.004,0.004,0.003,0.209,0.142,0.581
13,B2_1,0.015,0.011,0.016,0.025,0.07,0.088,0.158,0.004,0.007,0.012,0.185,0.252,0.111,0.01,0.014,0.023
13,B2_2,0.893,0.004,0.013,0.006,0.002,0.003,0.002,0.002,0.003,0.003,0.006,0.008,0.005,0.016,0.027,0.008
13,B2_3,0.017,0.064,0.171,0.197,0.004,0.012,0.003,0.106,0.319,0.05,0.01,0.007,0.002,0.023,0.007,0.009
13,y1,0.013,0.05,0.015,0.017,0.051,0.016,0.015,0.023,0.026,0.018,0.009,0.027,0.01,0.166,0.258,0.286
13,y2,0.026,0.013,0.008,0.008,0.069,0.255,0.126,0.019,0.035,0.016,0.077,0.167,0.144,0.012,0.013,0.012
13,y3,0.911,0.001,0.003,0.012,0.001,0.003,0.002,0.004,0.005,0.007,0.001,0.003,0.01,0.02,0.008,0.008
14,.,0.147,0.038,0.058,0.1,0.014,0.045,0.025,0.068,0.088,0.066,0.037,0.047,0.027,0.084,0.062,0.094
14,A1_1,0.039,0.036,0.06,0.041,0.018,0.025,0.023,0.033,0.071,0.028,0.026,0.037,0.016,0.295,0.084,0.167
14,A1_2,0.039,0.027,0.016,0.045,0.115,0.134,0.15,0.012,0.03,0.026,0.084,0.064,0.121,0.043,0.056,0.037
14,A1_3,0.711,0.009,0.012,0.021,0.008,0.004,0.012,0.002,0.008,0.005,0.008,0.01,0.015,0.035,0.107,0.034
14,B1_1,0.107,0.093,0.127,0.125,0.023,0.033,0.007,0.108,0.192,0.09,0.025,0.013,0.026,0.007,0.01,0.012
14,B1_2,0.025,0.076,0.12,0.065,0.03,0.023,0.025,0.038,0.041,0.05,0.035,0.006,0.013,0.039,0.116,0.299
14,B1_3,0.075,0.02,0.019,0.027,0.038,0.272,0.073,0.023,0.044,0.016,0.086,0.054,0.102,0.039,0.051,0.061
14,A2_1,0.315,0.01,0.053,0.055,0.009,0.021,0.02,0.075,0.105,0.051,0.016,0.039,0.054,0.066,0.021,0.088
14,A2_2,0.02,0.032,0.063,0.172,0.019,0.021,0.028,0.198,0.114,0.123,0.016,0.05,0.038,0.049,0.014,0.043
14,A2_3,0.007,0.004,0.004,0.007,0.003,0.003,0.008,0.003,0.007,0.005,0.004,0.004,0.003,0.206,0.165,0.565
14,B2_1,0.015,0.01,0.015,0.02,0.066,0.093,0.167,0.004,0.006,0.011,0.192,0.236,0.126,0.008,0.012,0.018
14,B2_2,0.925,0.004,0.009,0.005,0.001,0.002,0.001,0.002,0.002,0.002,0.004,0.005,0.003,0.01,0.019,0.006
14,B2_3,0.01,0.06,0.2,0.17,0.004,0.011,0.002,0.111,0.335,0.044,0.009,0.006,0.002,0.02,0.006,0.008
14,y1,0.014,0.04,0.012,0.013,0.043,0.012,0.013,0.017,0.019,0.015,0.007,0.027,0.008,0.176,0.306,0.279
14,y2,0.02,0.012,0.007,0.007,0.067,0.254,0.129,0.017,0.032,0.014,0.078,0.162,0.17,0.011,0.01,0.009
14,y3,0.942,0.001,0.002,0.007,0.001,0.002,0.001,0.002,0.003,0.005,0.001,0.002,0.006,0.013,0.007,0.007
15,.,0.148,0.039,0.057,0.101,0.014,0.044,0.025,0.068,0.086,0.068,0.037,0.046,0.027,0.08,0.063,0.097
15,A1_1,0.038,0.038,0.059,0.042,0.018,0.025,0.023,0.033,0.067,0.028,0.028,0.036,0.016,0.276,0.092,0.182
15,A1_2,0.039,0.028,0.015,0.042,0.112,0.133,0.165,0.011,0.026,0.026,0.088,0.066,0.119,0.041,0.054,0.038
15,A1_3,0.737,0.008,0.011,0.018,0.008,0.004,0.01,0.002,0.007,0.005,0.008,0.008,0.013,0.029,0.099,0.033
15,B1_1,0.105,0.111,0.117,0.136,0.022,0.033,0.008,0.115,0.175,0.093,0.025,0.012,0.023,0.006,0.01,0.011
15,B1_2,0.023,0.075,0.107,0.062,0.028,0.022,0.022,0.038,0.036,0.049,0.032,0.006,0.013,0.037,0.124,0.326
15,B1_3,0.071,0.02,0.019,0.024,0.037,0.276,0.079,0.023,0.039,0.015,0.087,0.061,0.099,0.033,0.047,0.069
15,A2_1,0.354,0.01,0.047,0.052,0.01,0.021,0.021,0.071,0.094,0.047,0.017,0.036,0.056,0.056,0.023,0.086
15,A2_2,0.019,0.037,0.063,0.173,0.017,0.021,0.029,0.216,0.109,0.124,0.016,0.047,0.035,0.042,0.013,0.039
15,A2_3,0.006,0.004,0.003,0.006,0.003,0.002,0.006,0.003,0.006,0.005,0.003,0.003,0.003,0.159,0.163,0.625
15,B2_1,0.01,0.01,0.012,0.017,0.07,0.089,0.212,0.003,0.004,0.01,0.201,0.215,0.115,0.006,0.01,0.014
15,B2_2,0.95,0.002,0.004,0.003,0.001,0.001,0.001,0.001,0.001,0.001,0.003,0.002,0.002,0.008,0.014,0.005
15,B2_3,0.009,0.084,0.208,0.18,0.004,0.01,0.003,0.134,0.28,0.053,0.008,0.006,0.002,0.01,0.004,0.006
15,y1,0.011,0.03,0.007,0.01,0.023,0.007,0.006,0.013,0.013,0.012,0.005,0.015,0.006,0.15,0.367,0.324
15,y2,0.009,0.01,0.006,0.005,0.075,0.271,0.177,0.016,0.021,0.012,0.078,0.16,0.138,0.008,0.006,0.009
15,y3,0.966,0.001,0.001,0.003,0.0,0.001,0.001,0.001,0.001,0.002,0.001,0.001,0.004,0.007,0.006,0.004
16,.,0.151,0.038,0.056,0.099,0.014,0.043,0.024,0.069,0.088,0.068,0.037,0.046,0.027,0.083,0.062,0.093
16,A1_1,0.036,0.037,0.057,0.041,0.017,0.024,0.022,0.033,0.065,0.028,0.027,0.035,0.015,0.305,0.087,0.171
16,A1_2,0.037,0.027,0.014,0.038,0.11,0.145,0.154,0.011,0.027,0.026,0.082,0.071,0.124,0.042,0.056,0.037
16,A1_3,0.742,0.008,0.011,0.018,0.008,0.004,0.011,0.002,0.006,0.004,0.008,0.009,0.013,0.03,0.095,0.032
16,B1_1,0.111,0.108,0.116,0.138,0.02,0.033,0.007,0.107,0.178,0.097,0.024,0.011,0.022,0.006,0.012,0.01
16,B1_2,0.021,0.075,0.117,0.065,0.026,0.022,0.022,0.04,0.039,0.049,0.031,0.006,0.01,0.049,0.111,0.319
16,B1_3,0.079,0.019,0.016,0.018,0.037,0.3,0.071,0.021,0.041,0.014,0.076,0.071,0.1,0.035,0.042,0.058
16,A2_1,0.339,0.01,0.047,0.055,0.009,0.021,0.019,0.071,0.105,0.05,0.017,0.034,0.056,0.061,0.024,0.081
16,A2_2,0.021,0.033,0.06,0.183,0.016,0.019,0.028,0.206,0.109,0.122,0.016,0.045,0.034,0.049,0.013,0.044
16,A2_3,0.006,0.005,0.004,0.006,0.003,0.002,0.007,0.003,0.007,0.005,0.004,0.004,0.003,0.195,0.131,0.616
16,B2_1,0.012,0.009,0.011,0.015,0.063,0.101,0.181,0.003,0.004,0.011,0.175,0.248,0.137,0.005,0.012,0.014
16,B2_2,0.944,0.002,0.006,0.003,0.001,0.001,0.001,0.001,0.001,0.002,0.004,0.003,0.003,0.009,0.015,0.005
16,B2_3,0.009,0.079,0.19,0.179,0.003,0.011,0.003,0.112,0.32,0.056,0.008,0.006,0.001,0.011,0.005,0.007
16,y1,0.01,0.034,0.009,0.011,0.028,0.008,0.007,0.015,0.013,0.013,0.005,0.022,0.006,0.203,0.305,0.31
16,y2,0.013,0.011,0.005,0.004,0.058,0.335,0.127,0.014,0.025,0.011,0.063,0.167,0.141,0.01,0.007,0.008
16,y3,0.953,0.001,0.001,0.005,0.0,0.001,0.001,0.002,0.002,0.004,0.001,0.001,0.005,0.012,0.006,0.005
17,.,0.156,0.037,0.056,0.099,0.013,0.042,0.023,0.069,0.09,0.067,0.037,0.047,0.026,0.082,0.062,0.094
17,A1_1,0.038,0.037,0.058,0.04,0.017,0.024,0.021,0.032,0.067,0.027,0.027,0.036,0.015,0.306,0.088,0.168
17,A1_2,0.037,0.027,0.014,0.036,0.109,0.149,0.149,0.011,0.027,0.025,0.088,0.076,0.117,0.042,0.056,0.037
17,A1_3,0.77,0.007,0.009,0.015,0.007,0.003,0.01,0.002,0.005,0.004,0.007,0.009,0.011,0.026,0.086,0.03
17,B1_1,0.114,0.102,0.114,0.131,0.017,0.031,0.006,0.094,0.22,0.092,0.022,0.01,0.02,0.006,0.011,0.01
17,B1_2,0.021,0.077,0.122,0.062,0.024,0.021,0.022,0.039,0.04,0.05,0.026,0.006,0.009,0.063,0.108,0.308
17,B1_3,0.08,0.019,0.014,0.016,0.039,0.312,0.074,0.019,0.036,0.012,0.075,0.078,0.106,0.033,0.038,0.048
17,A2_1,0.417,0.009,0.041,0.053,0.008,0.018,0.016,0.064,0.091,0.045,0.014,0.03,0.05,0.05,0.023,0.073
17,A2_2,0.022,0.033,0.067,0.183,0.014,0.017,0.023,0.203,0.134,0.126,0.014,0.038,0.027,0.044,0.012,0.042
17,A2_3,0.006,0.005,0.004,0.006,0.003,0.002,0.007,0.004,0.007,0.005,0.004,0.004,0.003,0.211,0.131,0.597
17,B2_1,0.012,0.008,0.009,0.012,0.057,0.102,0.164,0.002,0.004,0.009,0.197,0.257,0.138,0.005,0.012,0.013
17,B2_2,0.962,0.001,0.004,0.002,0.001,0.001,0.001,0.001,0.001,0.001,0.002,0.002,0.002,0.006,0.01,0.004
17,B2_3,0.008,0.073,0.187,0.165,0.003,0.008,0.002,0.087,0.379,0.059,0.007,0.005,0.001,0.008,0.004,0.005
17,y1,0.009,0.033,0.009,0.01,0.025,0.006,0.006,0.014,0.01,0.012,0.004,0.019,0.005,0.246,0.302,0.289
17,y2,0.012,0.01,0.004,0.003,0.055,0.355,0.122,0.011,0.019,0.009,0.075,0.157,0.144,0.01,0.007,0.007
17,y3,0.963,0.001,0.001,0.004,0.0,0.001,0.001,0.002,0.002,0.003,0.001,0.001,0.004,0.008,0.005,0.004
18,.,0.156,0.038,0.053,0.099,0.014,0.042,0.023,0.07,0.087,0.069,0.036,0.047,0.026,0.084,0.065,0.091
18,A1_1,0.036,0.037,0.054,0.04,0.017,0.024,0.021,0.033,0.062,0.028,0.027,0.035,0.015,0.32,0.095,0.158
18,A1_2,0.037,0.025,0.013,0.034,0.112,0.149,0.159,0.01,0.024,0.023,0.089,0.08,0.111,0.039,0.058,0.036
18,A1_3,0.776,0.006,0.01,0.015,0.008,0.003,0.009,0.002,0.005,0.004,0.007,0.008,0.011,0.025,0.087,0.026
18,B1_1,0.114,0.123,0.096,0.125,0.019,0.032,0.006,0.107,0.195,0.108,0.021,0.009,0.02,0.005,0.011,0.009
18,B1_2,0.019,0.08,0.107,0.07,0.027,0.022,0.022,0.042,0.038,0.053,0.027,0.006,0.01,0.072,0.129,0.276
18,B1_3,0.077,0.017,0.013,0.016,0.041,0.303,0.079,0.018,0.033,0.011,0.08,0.09,0.099,0.034,0.042,0.048
18,A2_1,0.451,0.009,0.043,0.052,0.009,0.018,0.016,0.062,0.079,0.044,0.015,0.031,0.05,0.039,0.021,0.061
18,A2_2,0.024,0.039,0.058,0.192,0.012,0.016,0.02,0.225,0.113,0.146,0.013,0.034,0.026,0.036,0.012,0.037
18,A2_3,0.005,0.005,0.004,0.006,0.003,0.002,0.006,0.004,0.007,0.005,0.004,0.003,0.003,0.237,0.151,0.556
18,B2_1,0.008,0.007,0.007,0.009,0.06,0.097,0.182,0.002,0.003,0.008,0.17,0.294,0.124,0.004,0.012,0.012
18,B2_2,0.963,0.001,0.003,0.002,0.001,0.001,0.001,0.001,0.001,0.001,0.003,0.002,0.002,0.006,0.01,0.003
18,B2_3,0.01,0.11,0.146,0.17,0.003,0.009,0.002,0.12,0.319,0.083,0.007,0.004,0.001,0.007,0.003,0.005
18,y1,0.007,0.029,0.008,0.01,0.023,0.006,0.005,0.014,0.011,0.013,0.004,0.014,0.004,0.243,0.371,0.237
18,y2,0.014,0.009,0.003,0.003,0.064,0.32,0.145,0.009,0.014,0.007,0.079,0.176,0.135,0.008,0.007,0.007
18,y3,0.968,0.001,0.001,0.004,0.0,0.001,0.001,0.001,0.002,0.003,0.001,0.001,0.004,0.006,0.004,0.003
19,.,0.159,0.036,0.054,0.1,0.014,0.041,0.023,0.071,0.088,0.067,0.036,0.046,0.026,0.081,0.066,0.092
19,A1_1,0.035,0.036,0.056,0.04,0.017,0.024,0.02,0.033,0.063,0.027,0.027,0.034,0.014,0.293,0.105,0.175
19,A1_2,0.034,0.022,0.012,0.031,0.126,0.149,0.17,0.01,0.023,0.023,0.081,0.074,0.113,0.036,0.059,0.036
19,A1_3,0.792,0.006,0.009,0.013,0.008,0.003,0.009,0.002,0.005,0.004,0.006,0.008,0.01,0.021,0.08,0.026
19,B1_1,0.1,0.105,0.113,0.145,0.016,0.033,0.006,0.11,0.201,0.095,0.022,0.008,0.019,0.006,0.012,0.008
19,B1_2,0.017,0.069,0.102,0.062,0.023,0.022,0.019,0.04,0.036,0.048,0.027,0.006,0.008,0.061,0.12,0.34
19,B1_3,0.087,0.015,0.012,0.013,0.048,0.287,0.085,0.018,0.027,0.01,0.078,0.097,0.113,0.027,0.039,0.045
19,A2_1,0.463,0.01,0.041,0.052,0.007,0.017,0.014,0.068,0.081,0.045,0.013,0.024,0.044,0.04,0.021,0.06
19,A2_2,0.018,0.034,0.066,0.183,0.012,0.015,0.018,0.229,0.142,0.121,0.012,0.03,0.023,0.043,0.013,0.041
19,A2_3,0.004,0.005,0.003,0.005,0.004,0.002,0.006,0.003,0.005,0.004,0.004,0.004,0.003,0.175,0.15,0.621
19,B2_1,0.011,0.006,0.006,0.009,0.069,0.087,0.219,0.002,0.002,0.007,0.157,0.245,0.157,0.003,0.011,0.009
19,B2_2,0.972,0.001,0.004,0.002,0.0,0.001,0.0,0.001,0.001,0.001,0.002,0.001,0.001,0.004,0.006,0.003
19,B2_3,0.004,0.084,0.174,0.196,0.003,0.008,0.001,0.094,0.343,0.066,0.006,0.003,0.001,0.007,0.003,0.005
19,y1,0.006,0.022,0.006,0.007,0.02,0.005,0.005,0.009,0.007,0.009,0.004,0.02,0.004,0.218,0.333,0.325
19,y2,0.013,0.008,0.004,0.003,0.073,0.303,0.159,0.01,0.016,0.008,0.065,0.167,0.153,0.007,0.006,0.005
19,y3,0.967,0.001,0.001,0.003,0.0,0.001,0.0,0.002,0.002,0.003,0.0,0.001,0.003,0.008,0.005,0.004
20,.,0.158,0.038,0.054,0.098,0.013,0.042,0.022,0.071,0.086,0.068,0.036,0.045,0.026,0.084,0.066,0.09
20,A1_1,0.035,0.036,0.054,0.039,0.016,0.025,0.02,0.032,0.059,0.027,0.028,0.031,0.014,0.325,0.105,0.155
20,A1_2,0.036,0.022,0.012,0.03,0.116,0.17,0.168,0.01,0.022,0.022,0.096,0.067,0.103,0.037,0.055,0.034
20,A1_3,0.814,0.005,0.007,0.012,0.007,0.003,0.008,0.002,0.004,0.003,0.005,0.006,0.009,0.019,0.072,0.022
20,B1_1,0.097,0.114,0.117,0.137,0.016,0.033,0.006,0.118,0.195,0.097,0.022,0.007,0.018,0.005,0.011,0.008
20,B1_2,0.021,0.074,0.098,0.064,0.02,0.021,0.022,0.039,0.033,0.046,0.024,0.005,0.008,0.089,0.128,0.307
20,B1_3,0.069,0.016,0.012,0.012,0.048,0.344,0.086,0.018,0.03,0.01,0.082,0.083,0.094,0.025,0.031,0.038
20,A2_1,0.566,0.008,0.029,0.041,0.007,0.014,0.012,0.049,0.06,0.04,0.01,0.019,0.041,0.034,0.022,0.052
20,A2_2,0.013,0.041,0.079,0.2,0.011,0.016,0.018,0.228,0.133,0.124,0.014,0.029,0.022,0.03,0.011,0.031
20,A2_3,0.005,0.004,0.002,0.004,0.003,0.002,0.005,0.003,0.005,0.004,0.003,0.003,0.002,0.228,0.168,0.558
20,B2_1,0.005,0.006,0.006,0.008,0.075,0.112,0.213,0.002,0.002,0.007,0.216,0.22,0.112,0.002,0.008,0.007
20,B2_2,0.984,0.0,0.001,0.001,0.0,0.0,0.0,0.0,0.0,0.0,0.001,0.001,0.001,0.003,0.005,0.002
20,B2_3,0.003,0.112,0.198,0.169,0.003,0.008,0.002,0.121,0.294,0.072,0.006,0.003,0.001,0.003,0.002,0.003
20,y1,0.009,0.015,0.003,0.006,0.007,0.002,0.002,0.006,0.004,0.006,0.002,0.007,0.002,0.363,0.326,0.239
20,y2,0.004,0.007,0.003,0.002,0.087,0.359,0.163,0.008,0.015,0.007,0.085,0.139,0.111,0.003,0.003,0.003
20,y3,0.987,0.0,0.0,0.001,0.0,0.0,0.0,0.0,0.0,0.001,0.0,0.0,0.001,0.003,0.003,0.002
21,.,0.16,0.037,0.054,0.095,0.013,0.041,0.022,0.073,0.088,0.068,0.035,0.047,0.026,0.08,0.067,0.093
21,A1_1,0.035,0.036,0.054,0.038,0.016,0.024,0.02,0.034,0.058,0.027,0.028,0.033,0.014,0.298,0.12,0.165
21,A1_2,0.034,0.021,0.011,0.027,0.113,0.175,0.174,0.01,0.021,0.02,0.089,0.071,0.107,0.035,0.056,0.035
21,A1_3,0.818,0.005,0.007,0.011,0.007,0.003,0.008,0.001,0.004,0.003,0.005,0.006,0.009,0.017,0.073,0.022
21,B1_1,0.097,0.107,0.114,0.132,0.016,0.03,0.006,0.149,0.186,0.094,0.021,0.007,0.018,0.005,0.01,0.008
21,B1_2,0.02,0.071,0.09,0.059,0.021,0.02,0.019,0.042,0.03,0.044,0.027,0.004,0.007,0.08,0.162,0.304
21,B1_3,0.061,0.014,0.011,0.011,0.05,0.353,0.083,0.017,0.026,0.01,0.08,0.087,0.106,0.021,0.031,0.038
21,A2_1,0.603,0.007,0.025,0.037,0.006,0.013,0.012,0.042,0.052,0.04,0.01,0.019,0.04,0.027,0.019,0.048
21,A2_2,0.013,0.037,0.076,0.192,0.01,0.014,0.018,0.278,0.124,0.117,0.013,0.025,0.02,0.025,0.009,0.029
21,A2_3,0.005,0.004,0.002,0.004,0.003,0.002,0.004,0.003,0.004,0.004,0.003,0.003,0.002,0.164,0.214,0.58
21,B2_1,0.004,0.006,0.005,0.006,0.071,0.125,0.232,0.002,0.002,0.007,0.17,0.226,0.128,0.002,0.007,0.006
21,B2_2,0.987,0.0,0.001,0.001,0.0,0.0,0.0,0.0,0.0,0.0,0.001,0.0,0.001,0.003,0.004,0.002
21,B2_3,0.003,0.114,0.189,0.164,0.003,0.007,0.002,0.185,0.243,0.074,0.006,0.003,0.001,0.003,0.001,0.003
21,y1,0.008,0.012,0.003,0.004,0.006,0.002,0.002,0.005,0.003,0.005,0.002,0.005,0.002,0.273,0.431,0.238
21,y2,0.003,0.006,0.003,0.002,0.087,0.331,0.18,0.007,0.011,0.006,0.07,0.151,0.135,0.002,0.002,0.003
21,y3,0.99,0.0,0.0,0.001,0.0,0.0,0.0,0.0,0.0,0.001,0.0,0.0,0.001,0.002,0.002,0.001
22,.,0.159,0.036,0.053,0.098,0.013,0.04,0.022,0.071,0.09,0.068,0.035,0.046,0.025,0.082,0.068,0.094
22,A1_1,0.034,0.035,0.053,0.039,0.017,0.024,0.019,0.033,0.058,0.027,0.027,0.032,0.014,0.305,0.112,0.171
22,A1_2,0.034,0.02,0.011,0.026,0.114,0.181,0.174,0.01,0.021,0.02,0.103,0.068,0.091,0.035,0.056,0.035
22,A1_3,0.822,0.005,0.007,0.01,0.008,0.003,0.009,0.001,0.004,0.003,0.005,0.006,0.008,0.018,0.069,0.021
22,B1_1,0.099,0.1,0.106,0.161,0.016,0.03,0.006,0.123,0.193,0.101,0.018,0.006,0.018,0.004,0.012,0.006
22,B1_2,0.018,0.069,0.086,0.064,0.02,0.019,0.019,0.04,0.033,0.046,0.02,0.004,0.008,0.079,0.136,0.337
22,B1_3,0.053,0.014,0.012,0.011,0.049,0.362,0.086,0.018,0.027,0.01,0.092,0.086,0.083,0.022,0.031,0.044
22,A2_1,0.599,0.007,0.025,0.038,0.008,0.013,0.013,0.039,0.046,0.035,0.012,0.02,0.046,0.028,0.022,0.049
22,A2_2,0.015,0.036,0.076,0.215,0.009,0.014,0.016,0.24,0.136,0.129,0.013,0.024,0.021,0.022,0.009,0.025
22,A2_3,0.004,0.004,0.002,0.004,0.002,0.001,0.003,0.003,0.005,0.004,0.003,0.002,0.002,0.17,0.153,0.639
22,B2_1,0.003,0.005,0.005,0.006,0.072,0.128,0.224,0.002,0.002,0.006,0.236,0.211,0.083,0.002,0.008,0.007
22,B2_2,0.986,0.0,0.001,0.001,0.0,0.0,0.0,0.0,0.0,0.0,0.001,0.001,0.001,0.003,0.004,0.002
22,B2_3,0.004,0.099,0.172,0.223,0.003,0.007,0.002,0.137,0.255,0.085,0.005,0.002,0.001,0.002,0.001,0.002
22,y1,0.007,0.016,0.003,0.006,0.005,0.002,0.001,0.006,0.005,0.007,0.002,0.005,0.002,0.295,0.342,0.297
22,y2,0.002,0.006,0.003,0.002,0.091,0.382,0.177,0.008,0.01,0.005,0.1,0.124,0.081,0.003,0.002,0.003
22,y3,0.99,0.0,0.0,0.001,0.0,0.0,0.0,0.0,0.0,0.0,0.0,0.0,0.001,0.002,0.002,0.001
23,.,0.16,0.038,0.053,0.097,0.013,0.04,0.021,0.071,0.089,0.068,0.034,0.047,0.026,0.081,0.069,0.093
23,A1_1,0.033,0.036,0.053,0.037,0.017,0.024,0.019,0.033,0.057,0.027,0.027,0.032,0.015,0.306,0.118,0.166
23,A1_2,0.033,0.02,0.011,0.024,0.123,0.187,0.171,0.01,0.02,0.02,0.098,0.067,0.093,0.034,0.055,0.034
23,A1_3,0.831,0.004,0.007,0.01,0.008,0.003,0.009,0.001,0.004,0.003,0.005,0.006,0.008,0.017,0.062,0.021
23,B1_1,0.098,0.123,0.111,0.155,0.014,0.028,0.006,0.131,0.179,0.093,0.018,0.006,0.018,0.005,0.01,0.006
23,B1_2,0.017,0.068,0.08,0.058,0.018,0.02,0.017,0.04,0.034,0.048,0.019,0.005,0.007,0.08,0.159,0.329
23,B1_3,0.052,0.013,0.011,0.01,0.059,0.347,0.082,0.017,0.024,0.009,0.089,0.097,0.094,0.022,0.033,0.041
23,A2_1,0.593,0.007,0.026,0.037,0.007,0.015,0.013,0.04,0.047,0.038,0.011,0.021,0.046,0.029,0.021,0.051
23,A2_2,0.016,0.041,0.078,0.208,0.008,0.013,0.016,0.256,0.129,0.119,0.013,0.025,0.021,0.023,0.009,0.025
23,A2_3,0.003,0.004,0.002,0.004,0.002,0.001,0.003,0.003,0.004,0.004,0.002,0.003,0.002,0.165,0.173,0.625
23,B2_1,0.003,0.005,0.005,0.006,0.085,0.129,0.212,0.002,0.002,0.006,0.215,0.22,0.094,0.002,0.008,0.006
23,B2_2,0.987,0.0,0.001,0.001,0.0,0.0,0.0,0.0,0.0,0.0,0.001,0.001,0.001,0.003,0.004,0.002
23,B2_3,0.004,0.136,0.167,0.211,0.003,0.006,0.002,0.148,0.236,0.075,0.005,0.002,0.001,0.002,0.001,0.002
23,y1,0.006,0.014,0.003,0.005,0.004,0.002,0.001,0.006,0.005,0.007,0.001,0.005,0.002,0.259,0.407,0.274
23,y2,0.003,0.006,0.003,0.002,0.11,0.356,0.162,0.007,0.01,0.005,0.099,0.132,0.098,0.003,0.002,0.003
23,y3,0.99,0.0,0.0,0.001,0.0,0.0,0.0,0.0,0.0,0.001,0.0,0.0,0.001,0.002,0.002,0.001
24,.,0.162,0.038,0.053,0.094,0.013,0.039,0.022,0.069,0.091,0.068,0.034,0.047,0.026,0.086,0.07,0.09
24,A1_1,0.032,0.037,0.053,0.036,0.016,0.024,0.019,0.031,0.058,0.027,0.026,0.032,0.014,0.33,0.119,0.146
24,A1_2,0.034,0.021,0.01,0.024,0.118,0.189,0.178,0.009,0.019,0.02,0.085,0.074,0.095,0.034,0.057,0.033
24,A1_3,0.829,0.004,0.008,0.01,0.007,0.003,0.009,0.001,0.004,0.003,0.005,0.006,0.008,0.017,0.064,0.02
24,B1_1,0.099,0.121,0.106,0.14,0.013,0.029,0.006,0.116,0.213,0.099,0.016,0.006,0.016,0.004,0.01,0.006
24,B1_2,0.016,0.073,0.091,0.063,0.02,0.018,0.02,0.039,0.035,0.048,0.02,0.004,0.007,0.094,0.163,0.29
24,B1_3,0.056,0.013,0.01,0.009,0.053,0.356,0.079,0.016,0.024,0.009,0.072,0.103,0.098,0.025,0.036,0.04
24,A2_1,0.567,0.007,0.031,0.04,0.006,0.014,0.014,0.046,0.055,0.042,0.012,0.022,0.047,0.028,0.019,0.05
24,A2_2,0.017,0.042,0.074,0.206,0.007,0.013,0.016,0.231,0.135,0.132,0.013,0.025,0.021,0.029,0.01,0.029
24,A2_3,0.003,0.004,0.003,0.004,0.003,0.001,0.004,0.003,0.005,0.004,0.003,0.003,0.002,0.236,0.186,0.537
