,,.,A1_1,A1_2,A1_3,B1_1,B1_2,B1_3,A2_1,A2_2,A2_3,B2_1,B2_2,B2_3,y1,y2,y3
0,.,1.0,0.215,-0.013,-0.181,0.193,0.106,0.052,-0.219,-0.165,0.126,0.218,-0.003,0.155,0.063,-0.007,0.075
0,A1_1,0.215,1.0,-0.256,0.268,0.285,0.024,0.183,-0.092,0.206,0.241,0.244,-0.486,0.296,-0.021,-0.197,0.073
0,A1_2,-0.013,-0.256,1.0,0.041,-0.092,-0.178,-0.154,-0.045,-0.359,-0.105,-0.096,0.114,-0.074,-0.035,0.107,-0.264
0,A1_3,-0.181,0.268,0.041,1.0,-0.121,-0.179,0.212,-0.217,0.136,0.18,0.002,0.114,0.084,0.086,-0.298,0.071
0,B1_1,0.193,0.285,-0.092,-0.121,1.0,0.194,-0.106,-0.041,0.041,-0.054,0.232,-0.243,-0.308,-0.04,-0.027,0.006
0,B1_2,0.106,0.024,-0.178,-0.179,0.194,1.0,0.386,-0.14,-0.115,-0.292,-0.011,-0.107,-0.278,-0.09,0.49,0.139
0,B1_3,0.052,0.183,-0.154,0.212,-0.106,0.386,1.0,0.373,0.006,0.322,0.215,-0.03,0.251,0.067,0.322,0.162
0,A2_1,-0.219,-0.092,-0.045,-0.217,-0.041,-0.14,0.373,1.0,-0.199,0.135,-0.056,-0.124,0.201,0.119,0.068,0.005
0,A2_2,-0.165,0.206,-0.359,0.136,0.041,-0.115,0.006,-0.199,1.0,0.115,0.178,-0.162,-0.007,0.113,-0.058,0.034
0,A2_3,0.126,0.241,-0.105,0.18,-0.054,-0.292,0.322,0.135,0.115,1.0,0.08,0.11,0.281,0.102,-0.118,0.026
0,B2_1,0.218,0.244,-0.096,0.002,0.232,-0.011,0.215,-0.056,0.178,0.08,1.0,-0.261,0.01,-0.047,-0.075,-0.025
0,B2_2,-0.003,-0.486,0.114,0.114,-0.243,-0.107,-0.03,-0.124,-0.162,0.11,-0.261,1.0,0.062,0.258,-0.022,0.319
0,B2_3,0.155,0.296,-0.074,0.084,-0.308,-0.278,0.251,0.201,-0.007,0.281,0.01,0.062,1.0,0.091,-0.285,0.17
0,y1,0.063,-0.021,-0.035,0.086,-0.04,-0.09,0.067,0.119,0.113,0.102,-0.047,0.258,0.091,1.0,-0.093,0.225
0,y2,-0.007,-0.197,0.107,-0.298,-0.027,0.49,0.322,0.068,-0.058,-0.118,-0.075,-0.022,-0.285,-0.093,1.0,-0.199
0,y3,0.075,0.073,-0.264,0.071,0.006,0.139,0.162,0.005,0.034,0.026,-0.025,0.319,0.17,0.225,-0.199,1.0
500,.,1.0,0.099,-0.115,-0.292,0.076,0.057,-0.056,-0.194,-0.241,0.069,0.038,0.033,0.162,-0.005,0.164,-0.076
500,A1_1,0.099,1.0,-0.193,0.234,0.271,-0.04,0.156,-0.047,0.24,0.325,0.245,-0.505,0.304,-0.059,-0.103,0.034
500,A1_2,-0.115,-0.193,1.0,0.132,-0.104,-0.161,-0.128,0.012,-0.254,-0.032,-0.069,0.107,-0.107,0.012,0.112,-0.3
500,A1_3,-0.292,0.234,0.132,1.0,-0.134,-0.23,0.207,-0.187,0.18,0.263,0.022,0.119,0.099,0.008,-0.182,-0.03
500,B1_1,0.076,0.271,-0.104,-0.134,1.0,0.225,-0.07,-0.036,0.035,-0.052,0.266,-0.217,-0.288,-0.08,0.01,0.001
500,B1_2,0.057,-0.04,-0.161,-0.23,0.225,1.0,0.388,-0.22,-0.153,-0.33,0.032,-0.089,-0.29,0.001,0.471,0.278
500,B1_3,-0.056,0.156,-0.128,0.207,-0.07,0.388,1.0,0.333,-0.013,0.29,0.24,-0.015,0.252,0.215,0.227,0.326
500,A2_1,-0.194,-0.047,0.012,-0.187,-0.036,-0.22,0.333,1.0,-0.142,0.217,-0.042,-0.145,0.177,0.234,-0.131,0.175
500,A2_2,-0.241,0.24,-0.254,0.18,0.035,-0.153,-0.013,-0.142,1.0,0.167,0.175,-0.162,0.008,0.004,-0.047,0.062
500,A2_3,0.069,0.325,-0.032,0.263,-0.052,-0.33,0.29,0.217,0.167,1.0,0.045,0.086,0.294,0.067,-0.158,-0.004
500,B2_1,0.038,0.245,-0.069,0.022,0.266,0.032,0.24,-0.042,0.175,0.045,1.0,-0.232,0.041,-0.0,-0.113,-0.148
500,B2_2,0.033,-0.505,0.107,0.119,-0.217,-0.089,-0.015,-0.145,-0.162,0.086,-0.232,1.0,0.065,0.247,0.063,0.224
500,B2_3,0.162,0.304,-0.107,0.099,-0.288,-0.29,0.252,0.177,0.008,0.294,0.041,0.065,1.0,0.118,-0.35,0.219
500,y1,-0.005,-0.059,0.012,0.008,-0.08,0.001,0.215,0.234,0.004,0.067,-0.0,0.247,0.118,1.0,0.153,0.558
500,y2,0.164,-0.103,0.112,-0.182,0.01,0.471,0.227,-0.131,-0.047,-0.158,-0.113,0.063,-0.35,0.153,1.0,0.153
500,y3,-0.076,0.034,-0.3,-0.03,0.001,0.278,0.326,0.175,0.062,-0.004,-0.148,0.224,0.219,0.558,0.153,1.0
1000,.,1.0,0.086,-0.156,-0.299,0.06,0.045,-0.047,-0.201,-0.244,0.062,0.011,0.048,0.185,-0.059,0.161,-0.089
1000,A1_1,0.086,1.0,-0.185,0.239,0.269,-0.047,0.159,-0.027,0.258,0.329,0.232,-0.499,0.301,-0.044,-0.084,0.02
1000,A1_2,-0.156,-0.185,1.0,0.156,-0.104,-0.163,-0.123,0.035,-0.235,-0.018,-0.066,0.104,-0.11,-0.01,0.103,-0.308
1000,A1_3,-0.299,0.239,0.156,1.0,-0.146,-0.236,0.226,-0.143,0.198,0.293,0.012,0.112,0.104,0.012,-0.174,-0.04
1000,B1_1,0.06,0.269,-0.104,-0.146,1.0,0.23,-0.066,-0.028,0.053,-0.043,0.266,-0.215,-0.284,-0.095,0.066,-0.023
1000,B1_2,0.045,-0.047,-0.163,-0.236,0.23,1.0,0.384,-0.231,-0.163,-0.334,0.035,-0.091,-0.288,0.059,0.466,0.286
1000,B1_3,-0.047,0.159,-0.123,0.226,-0.066,0.384,1.0,0.328,-0.022,0.286,0.242,-0.013,0.255,0.228,0.204,0.37
1000,A2_1,-0.201,-0.027,0.035,-0.143,-0.028,-0.231,0.328,1.0,-0.135,0.229,-0.042,-0.141,0.175,0.162,-0.142,0.25
1000,A2_2,-0.244,0.258,-0.235,0.198,0.053,-0.163,-0.022,-0.135,1.0,0.176,0.19,-0.176,0.024,0.035,-0.112,0.043
1000,A2_3,0.062,0.329,-0.018,0.293,-0.043,-0.334,0.286,0.229,0.176,1.0,0.041,0.105,0.278,0.01,-0.15,0.011
1000,B2_1,0.011,0.232,-0.066,0.012,0.266,0.035,0.242,-0.042,0.19,0.041,1.0,-0.228,0.049,-0.014,-0.079,-0.17
1000,B2_2,0.048,-0.499,0.104,0.112,-0.215,-0.091,-0.013,-0.141,-0.176,0.105,-0.228,1.0,0.068,0.252,0.072,0.201
1000,B2_3,0.185,0.301,-0.11,0.104,-0.284,-0.288,0.255,0.175,0.024,0.278,0.049,0.068,1.0,0.113,-0.329,0.167
1000,y1,-0.059,-0.044,-0.01,0.012,-0.095,0.059,0.228,0.162,0.035,0.01,-0.014,0.252,0.113,1.0,0.27,0.669
1000,y2,0.161,-0.084,0.103,-0.174,0.066,0.466,0.204,-0.142,-0.112,-0.15,-0.079,0.072,-0.329,0.27,1.0,0.228
1000,y3,-0.089,0.02,-0.308,-0.04,-0.023,0.286,0.37,0.25,0.043,0.011,-0.17,0.201,0.167,0.669,0.228,1.0
1500,.,1.0,0.068,-0.194,-0.307,0.037,0.025,-0.065,-0.214,-0.245,0.044,-0.024,0.066,0.204,-0.079,0.153,-0.099
1500,A1_1,0.068,1.0,-0.169,0.232,0.271,-0.051,0.152,-0.019,0.26,0.345,0.239,-0.499,0.303,-0.039,-0.077,0.02
1500,A1_2,-0.194,-0.169,1.0,0.169,-0.095,-0.167,-0.111,0.036,-0.216,-0.008,-0.062,0.091,-0.114,-0.02,0.105,-0.279
1500,A1_3,-0.307,0.232,0.169,1.0,-0.143,-0.235,0.231,-0.11,0.212,0.314,0.011,0.104,0.102,0.037,-0.162,-0.086
1500,B1_1,0.037,0.271,-0.095,-0.143,1.0,0.235,-0.059,-0.025,0.048,-0.041,0.273,-0.207,-0.284,-0.131,0.063,0.018
1500,B1_2,0.025,-0.051,-0.167,-0.235,0.235,1.0,0.384,-0.244,-0.163,-0.338,0.04,-0.087,-0.287,0.097,0.425,0.287
1500,B1_3,-0.065,0.152,-0.111,0.231,-0.059,0.384,1.0,0.323,-0.019,0.28,0.25,-0.006,0.255,0.282,0.184,0.364
1500,A2_1,-0.214,-0.019,0.036,-0.11,-0.025,-0.244,0.323,1.0,-0.121,0.247,-0.048,-0.139,0.167,0.156,-0.152,0.31
1500,A2_2,-0.245,0.26,-0.216,0.212,0.048,-0.163,-0.019,-0.121,1.0,0.199,0.185,-0.171,0.02,0.005,-0.097,0.024
1500,A2_3,0.044,0.345,-0.008,0.314,-0.041,-0.338,0.28,0.247,0.199,1.0,0.033,0.096,0.283,0.01,-0.154,-0.015
1500,B2_1,-0.024,0.239,-0.062,0.011,0.273,0.04,0.25,-0.048,0.185,0.033,1.0,-0.225,0.052,-0.021,-0.07,-0.134
1500,B2_2,0.066,-0.499,0.091,0.104,-0.207,-0.087,-0.006,-0.139,-0.171,0.096,-0.225,1.0,0.071,0.255,0.106,0.133
1500,B2_3,0.204,0.303,-0.114,0.102,-0.284,-0.287,0.255,0.167,0.02,0.283,0.052,0.071,1.0,0.143,-0.316,0.123
1500,y1,-0.079,-0.039,-0.02,0.037,-0.131,0.097,0.282,0.156,0.005,0.01,-0.021,0.255,0.143,1.0,0.35,0.702
1500,y2,0.153,-0.077,0.105,-0.162,0.063,0.425,0.184,-0.152,-0.097,-0.154,-0.07,0.106,-0.316,0.35,1.0,0.304
1500,y3,-0.099,0.02,-0.279,-0.086,0.018,0.287,0.364,0.31,0.024,-0.015,-0.134,0.133,0.123,0.702,0.304,1.0
2000,.,1.0,0.036,-0.213,-0.358,0.067,0.052,-0.091,-0.199,-0.253,0.031,-0.064,0.044,0.177,-0.135,0.073,-0.052
2000,A1_1,0.036,1.0,-0.148,0.238,0.28,-0.066,0.138,0.018,0.263,0.339,0.243,-0.489,0.297,-0.033,-0.096,-0.005
2000,A1_2,-0.213,-0.148,1.0,0.196,-0.095,-0.172,-0.118,0.052,-0.186,0.012,-0.066,0.08,-0.116,-0.065,0.122,-0.284
2000,A1_3,-0.358,0.238,0.196,1.0,-0.14,-0.252,0.217,-0.077,0.229,0.339,0.014,0.084,0.11,-0.009,-0.086,-0.092
2000,B1_1,0.067,0.28,-0.095,-0.14,1.0,0.246,-0.044,-0.034,0.041,-0.053,0.278,-0.2,-0.279,-0.128,0.047,-0.052
2000,B1_2,0.052,-0.066,-0.172,-0.252,0.246,1.0,0.391,-0.263,-0.178,-0.336,0.056,-0.078,-0.284,0.116,0.423,0.285
2000,B1_3,-0.091,0.138,-0.118,0.217,-0.044,0.391,1.0,0.311,-0.037,0.285,0.257,0.003,0.263,0.277,0.209,0.334
2000,A2_1,-0.199,0.018,0.052,-0.077,-0.034,-0.263,0.311,1.0,-0.095,0.286,-0.047,-0.148,0.161,0.154,-0.166,0.214
2000,A2_2,-0.253,0.263,-0.186,0.229,0.041,-0.178,-0.037,-0.095,1.0,0.218,0.18,-0.175,0.026,-0.007,-0.128,0.011
2000,A2_3,0.031,0.339,0.012,0.339,-0.053,-0.336,0.285,0.286,0.218,1.0,0.032,0.097,0.279,-0.007,-0.154,-0.053
2000,B2_1,-0.064,0.243,-0.066,0.014,0.278,0.056,0.257,-0.047,0.18,0.032,1.0,-0.214,0.066,-0.049,-0.065,-0.139
2000,B2_2,0.044,-0.489,0.08,0.084,-0.2,-0.078,0.003,-0.148,-0.175,0.097,-0.214,1.0,0.08,0.239,0.117,0.169
2000,B2_3,0.177,0.297,-0.116,0.11,-0.279,-0.284,0.263,0.161,0.026,0.279,0.066,0.08,1.0,0.126,-0.307,0.143
2000,y1,-0.135,-0.033,-0.065,-0.009,-0.128,0.116,0.277,0.154,-0.007,-0.007,-0.049,0.239,0.126,1.0,0.464,0.73
2000,y2,0.073,-0.096,0.122,-0.086,0.047,0.423,0.209,-0.166,-0.128,-0.154,-0.065,0.117,-0.307,0.464,1.0,0.397
2000,y3,-0.052,-0.005,-0.284,-0.092,-0.052,0.285,0.334,0.214,0.011,-0.053,-0.139,0.169,0.143,0.73,0.397,1.0
2500,.,1.0,0.009,-0.237,-0.391,0.065,0.056,-0.097,-0.171,-0.276,-0.001,-0.082,0.021,0.163,-0.125,0.014,-0.058
2500,A1_1,0.009,1.0,-0.133,0.249,0.267,-0.083,0.121,0.034,0.277,0.348,0.223,-0.49,0.28,-0.036,-0.08,0.012
2500,A1_2,-0.237,-0.133,1.0,0.214,-0.091,-0.172,-0.121,0.06,-0.172,0.025,-0.053,0.076,-0.12,-0.085,0.104,-0.316
2500,A1_3,-0.391,0.249,0.214,1.0,-0.146,-0.27,0.203,-0.044,0.249,0.365,0.008,0.07,0.103,-0.005,-0.126,-0.083
2500,B1_1,0.065,0.267,-0.091,-0.146,1.0,0.256,-0.035,-0.047,0.041,-0.063,0.286,-0.188,-0.273,-0.114,0.101,-0.044
2500,B1_2,0.056,-0.083,-0.172,-0.27,0.256,1.0,0.388,-0.278,-0.185,-0.335,0.064,-0.072,-0.277,0.126,0.443,0.274
2500,B1_3,-0.097,0.121,-0.121,0.203,-0.035,0.388,1.0,0.305,-0.037,0.29,0.264,0.008,0.279,0.285,0.185,0.306
2500,A2_1,-0.171,0.034,0.06,-0.044,-0.047,-0.278,0.305,1.0,-0.071,0.319,-0.054,-0.145,0.155,0.098,-0.183,0.17
2500,A2_2,-0.276,0.277,-0.172,0.249,0.041,-0.185,-0.037,-0.071,1.0,0.238,0.177,-0.17,0.019,-0.096,-0.148,-0.024
2500,A2_3,-0.001,0.348,0.025,0.365,-0.063,-0.335,0.29,0.319,0.238,1.0,0.028,0.094,0.279,-0.05,-0.153,-0.11
2500,B2_1,-0.082,0.223,-0.053,0.008,0.286,0.064,0.264,-0.054,0.177,0.028,1.0,-0.206,0.083,-0.06,-0.07,-0.112
2500,B2_2,0.021,-0.49,0.076,0.07,-0.188,-0.072,0.008,-0.145,-0.17,0.094,-0.206,1.0,0.095,0.272,0.118,0.146
2500,B2_3,0.163,0.28,-0.12,0.103,-0.273,-0.277,0.279,0.155,0.019,0.279,0.083,0.095,1.0,0.149,-0.296,0.156
2500,y1,-0.125,-0.036,-0.085,-0.005,-0.114,0.126,0.285,0.098,-0.096,-0.05,-0.06,0.272,0.149,1.0,0.505,0.746
2500,y2,0.014,-0.08,0.104,-0.126,0.101,0.443,0.185,-0.183,-0.148,-0.153,-0.07,0.118,-0.296,0.505,1.0,0.415
2500,y3,-0.058,0.012,-0.316,-0.083,-0.044,0.274,0.306,0.17,-0.024,-0.11,-0.112,0.146,0.156,0.746,0.415,1.0
3000,.,1.0,-0.016,-0.233,-0.388,0.076,0.048,-0.1,-0.167,-0.282,-0.004,-0.1,0.039,0.159,-0.17,-0.017,-0.089
3000,A1_1,-0.016,1.0,-0.119,0.259,0.267,-0.091,0.116,0.034,0.284,0.359,0.228,-0.488,0.277,-0.012,-0.036,-0.007
3000,A1_2,-0.233,-0.119,1.0,0.233,-0.092,-0.179,-0.116,0.054,-0.156,0.038,-0.053,0.068,-0.117,-0.092,0.079,-0.299
3000,A1_3,-0.388,0.259,0.233,1.0,-0.135,-0.274,0.211,-0.02,0.257,0.384,0.015,0.064,0.108,-0.036,-0.087,-0.106
3000,B1_1,0.076,0.267,-0.092,-0.135,1.0,0.257,-0.032,-0.048,0.038,-0.064,0.289,-0.184,-0.268,-0.105,0.051,0.026
3000,B1_2,0.048,-0.091,-0.179,-0.274,0.257,1.0,0.387,-0.276,-0.192,-0.336,0.066,-0.071,-0.275,0.151,0.433,0.28
3000,B1_3,-0.1,0.116,-0.116,0.211,-0.032,0.387,1.0,0.316,-0.034,0.298,0.265,0.009,0.282,0.236,0.165,0.334
3000,A2_1,-0.167,0.034,0.054,-0.02,-0.048,-0.276,0.316,1.0,-0.044,0.342,-0.05,-0.143,0.156,0.095,-0.207,0.19
3000,A2_2,-0.282,0.284,-0.156,0.257,0.038,-0.192,-0.034,-0.044,1.0,0.249,0.161,-0.171,0.022,-0.129,-0.137,-0.061
3000,A2_3,-0.004,0.359,0.038,0.384,-0.064,-0.336,0.298,0.342,0.249,1.0,0.029,0.086,0.281,-0.104,-0.154,-0.125
3000,B2_1,-0.1,0.228,-0.053,0.015,0.289,0.066,0.265,-0.05,0.161,0.029,1.0,-0.204,0.087,-0.042,-0.06,-0.062
3000,B2_2,0.039,-0.488,0.068,0.064,-0.184,-0.071,0.009,-0.143,-0.171,0.086,-0.204,1.0,0.099,0.238,0.136,0.119
3000,B2_3,0.159,0.277,-0.117,0.108,-0.268,-0.275,0.282,0.156,0.022,0.281,0.087,0.099,1.0,0.15,-0.234,0.107
3000,y1,-0.17,-0.012,-0.092,-0.036,-0.105,0.151,0.236,0.095,-0.129,-0.104,-0.042,0.238,0.15,1.0,0.549,0.779
3000,y2,-0.017,-0.036,0.079,-0.087,0.051,0.433,0.165,-0.207,-0.137,-0.154,-0.06,0.136,-0.234,0.549,1.0,0.442
3000,y3,-0.089,-0.007,-0.299,-0.106,0.026,0.28,0.334,0.19,-0.061,-0.125,-0.062,0.119,0.107,0.779,0.442,1.0
3500,.,1.0,-0.047,-0.236,-0.386,0.069,0.046,-0.093,-0.161,-0.275,-0.013,-0.108,0.029,0.155,-0.25,-0.043,-0.113
3500,A1_1,-0.047,1.0,-0.1,0.26,0.261,-0.094,0.111,0.047,0.283,0.362,0.23,-0.485,0.274,0.016,-0.018,0.042
3500,A1_2,-0.236,-0.1,1.0,0.249,-0.089,-0.187,-0.107,0.074,-0.132,0.062,-0.041,0.059,-0.109,-0.12,0.088,-0.287
3500,A1_3,-0.386,0.26,0.249,1.0,-0.137,-0.289,0.205,-0.0,0.269,0.394,0.018,0.072,0.118,-0.023,-0.063,-0.049
3500,B1_1,0.069,0.261,-0.089,-0.137,1.0,0.257,-0.032,-0.038,0.042,-0.068,0.292,-0.183,-0.264,0.016,0.056,0.051
3500,B1_2,0.046,-0.094,-0.187,-0.289,0.257,1.0,0.387,-0.278,-0.193,-0.338,0.068,-0.07,-0.273,0.208,0.424,0.302
3500,B1_3,-0.093,0.111,-0.107,0.205,-0.032,0.387,1.0,0.314,-0.034,0.3,0.267,0.011,0.285,0.24,0.169,0.338
3500,A2_1,-0.161,0.047,0.074,-0.0,-0.038,-0.278,0.314,1.0,-0.029,0.36,-0.043,-0.156,0.144,0.038,-0.205,0.105
3500,A2_2,-0.275,0.283,-0.132,0.269,0.042,-0.193,-0.034,-0.029,1.0,0.261,0.158,-0.165,0.023,-0.106,-0.166,-0.054
3500,A2_3,-0.013,0.362,0.062,0.394,-0.068,-0.338,0.3,0.36,0.261,1.0,0.04,0.079,0.277,-0.124,-0.184,-0.125
3500,B2_1,-0.108,0.23,-0.041,0.018,0.292,0.068,0.267,-0.043,0.158,0.04,1.0,-0.202,0.09,-0.012,-0.032,-0.028
3500,B2_2,0.029,-0.485,0.059,0.072,-0.183,-0.07,0.011,-0.156,-0.165,0.079,-0.202,1.0,0.102,0.222,0.136,0.105
3500,B2_3,0.155,0.274,-0.109,0.118,-0.264,-0.273,0.285,0.144,0.023,0.277,0.09,0.102,1.0,0.087,-0.225,0.111
3500,y1,-0.25,0.016,-0.12,-0.023,0.016,0.208,0.24,0.038,-0.106,-0.124,-0.012,0.222,0.087,1.0,0.564,0.796
3500,y2,-0.043,-0.018,0.088,-0.063,0.056,0.424,0.169,-0.205,-0.166,-0.184,-0.032,0.136,-0.225,0.564,1.0,0.488
3500,y3,-0.113,0.042,-0.287,-0.049,0.051,0.302,0.338,0.105,-0.054,-0.125,-0.028,0.105,0.111,0.796,0.488,1.0
4000,.,1.0,-0.059,-0.251,-0.391,0.057,0.035,-0.106,-0.161,-0.276,-0.03,-0.122,0.023,0.144,-0.267,-0.057,-0.136
4000,A1_1,-0.059,1.0,-0.072,0.281,0.255,-0.106,0.106,0.053,0.298,0.378,0.238,-0.486,0.278,0.032,0.044,0.039
4000,A1_2,-0.251,-0.072,1.0,0.259,-0.084,-0.189,-0.098,0.091,-0.115,0.088,-0.04,0.048,-0.11,-0.107,0.082,-0.272
4000,A1_3,-0.391,0.281,0.259,1.0,-0.144,-0.296,0.192,0.004,0.269,0.404,0.012,0.07,0.124,-0.005,-0.075,-0.077
4000,B1_1,0.057,0.255,-0.084,-0.144,1.0,0.26,-0.029,-0.043,0.042,-0.081,0.294,-0.179,-0.261,0.072,0.117,0.02
4000,B1_2,0.035,-0.106,-0.189,-0.296,0.26,1.0,0.388,-0.287,-0.195,-0.345,0.076,-0.066,-0.268,0.22,0.465,0.286
4000,B1_3,-0.106,0.106,-0.098,0.192,-0.029,0.388,1.0,0.31,-0.038,0.294,0.274,0.016,0.288,0.266,0.178,0.313
4000,A2_1,-0.161,0.053,0.091,0.004,-0.043,-0.287,0.31,1.0,-0.018,0.371,-0.04,-0.154,0.14,0.009,-0.21,0.094
4000,A2_2,-0.276,0.298,-0.115,0.269,0.042,-0.195,-0.038,-0.018,1.0,0.281,0.157,-0.171,0.027,-0.121,-0.176,-0.057
4000,A2_3,-0.03,0.378,0.088,0.404,-0.081,-0.345,0.294,0.371,0.281,1.0,0.036,0.075,0.279,-0.142,-0.213,-0.124
4000,B2_1,-0.122,0.238,-0.04,0.012,0.294,0.076,0.274,-0.04,0.157,0.036,1.0,-0.198,0.094,0.044,0.036,-0.04
4000,B2_2,0.023,-0.486,0.048,0.07,-0.179,-0.066,0.016,-0.154,-0.171,0.075,-0.198,1.0,0.105,0.235,0.076,0.135
4000,B2_3,0.144,0.278,-0.11,0.124,-0.261,-0.268,0.288,0.14,0.027,0.279,0.094,0.105,1.0,0.122,-0.236,0.098
4000,y1,-0.267,0.032,-0.107,-0.005,0.072,0.22,0.266,0.009,-0.121,-0.142,0.044,0.235,0.122,1.0,0.602,0.81
4000,y2,-0.057,0.044,0.082,-0.075,0.117,0.465,0.178,-0.21,-0.176,-0.213,0.036,0.076,-0.236,0.602,1.0,0.523
4000,y3,-0.136,0.039,-0.272,-0.077,0.02,0.286,0.313,0.094,-0.057,-0.124,-0.04,0.135,0.098,0.81,0.523,1.0
4500,.,1.0,-0.079,-0.282,-0.419,0.009,0.022,-0.111,-0.159,-0.301,-0.056,-0.155,0.002,0.137,-0.249,-0.084,-0.103
4500,A1_1,-0.079,1.0,-0.047,0.295,0.249,-0.114,0.093,0.051,0.306,0.386,0.245,-0.481,0.266,0.057,0.041,0.048
4500,A1_2,-0.282,-0.047,1.0,0.291,-0.09,-0.188,-0.084,0.103,-0.086,0.123,-0.035,0.049,-0.099,-0.162,0.04,-0.276
4500,A1_3,-0.419,0.295,0.291,1.0,-0.141,-0.308,0.175,0.036,0.278,0.432,0.01,0.064,0.115,-0.053,-0.081,-0.111
4500,B1_1,0.009,0.249,-0.09,-0.141,1.0,0.271,-0.017,-0.054,0.049,-0.091,0.3,-0.165,-0.255,0.039,0.184,0.057
4500,B1_2,0.022,-0.114,-0.188,-0.308,0.271,1.0,0.392,-0.302,-0.199,-0.355,0.085,-0.056,-0.261,0.254,0.46,0.325
4500,B1_3,-0.111,0.093,-0.084,0.175,-0.017,0.392,1.0,0.303,-0.045,0.28,0.283,0.026,0.29,0.298,0.181,0.338
4500,A2_1,-0.159,0.051,0.103,0.036,-0.054,-0.302,0.303,1.0,-0.001,0.396,-0.042,-0.142,0.14,0.039,-0.242,0.084
4500,A2_2,-0.301,0.306,-0.086,0.278,0.049,-0.199,-0.045,-0.001,1.0,0.303,0.145,-0.165,0.028,-0.092,-0.167,-0.091
4500,A2_3,-0.056,0.386,0.123,0.432,-0.091,-0.355,0.28,0.396,0.303,1.0,0.041,0.077,0.273,-0.147,-0.225,-0.14
4500,B2_1,-0.155,0.245,-0.035,0.01,0.3,0.085,0.283,-0.042,0.145,0.041,1.0,-0.182,0.105,0.063,0.065,-0.006
4500,B2_2,0.002,-0.481,0.049,0.064,-0.165,-0.056,0.026,-0.142,-0.165,0.077,-0.182,1.0,0.115,0.135,0.083,0.117
4500,B2_3,0.137,0.266,-0.099,0.115,-0.255,-0.261,0.29,0.14,0.028,0.273,0.105,0.115,1.0,0.135,-0.231,0.104
4500,y1,-0.249,0.057,-0.162,-0.053,0.039,0.254,0.298,0.039,-0.092,-0.147,0.063,0.135,0.135,1.0,0.664,0.875
4500,y2,-0.084,0.041,0.04,-0.081,0.184,0.46,0.181,-0.242,-0.167,-0.225,0.065,0.083,-0.231,0.664,1.0,0.602
4500,y3,-0.103,0.048,-0.276,-0.111,0.057,0.325,0.338,0.084,-0.091,-0.14,-0.006,0.117,0.104,0.875,0.602,1.0
5000,.,1.0,-0.107,-0.292,-0.418,-0.017,0.031,-0.103,-0.164,-0.305,-0.059,-0.164,0.001,0.129,-0.26,-0.118,-0.122
5000,A1_1,-0.107,1.0,-0.032,0.312,0.242,-0.126,0.078,0.067,0.321,0.389,0.23,-0.479,0.246,0.063,0.033,0.046
5000,A1_2,-0.292,-0.032,1.0,0.308,-0.09,-0.19,-0.083,0.106,-0.076,0.14,-0.04,0.042,-0.093,-0.173,0.032,-0.26
5000,A1_3,-0.418,0.312,0.308,1.0,-0.139,-0.313,0.172,0.047,0.287,0.435,0.009,0.048,0.117,-0.044,-0.096,-0.097
5000,B1_1,-0.017,0.242,-0.09,-0.139,1.0,0.274,-0.01,-0.064,0.052,-0.103,0.303,-0.161,-0.25,0.047,0.172,0.095
5000,B1_2,0.031,-0.126,-0.19,-0.313,0.274,1.0,0.395,-0.311,-0.203,-0.359,0.096,-0.049,-0.257,0.272,0.427,0.343
5000,B1_3,-0.103,0.078,-0.083,0.172,-0.01,0.395,1.0,0.306,-0.05,0.28,0.291,0.031,0.294,0.294,0.159,0.337
5000,A2_1,-0.164,0.067,0.106,0.047,-0.064,-0.311,0.306,1.0,0.013,0.425,-0.04,-0.131,0.137,0.026,-0.245,0.079
5000,A2_2,-0.305,0.321,-0.076,0.287,0.052,-0.203,-0.05,0.013,1.0,0.309,0.14,-0.182,0.02,-0.15,-0.201,-0.124
5000,A2_3,-0.059,0.389,0.14,0.435,-0.103,-0.359,0.28,0.425,0.309,1.0,0.036,0.077,0.272,-0.154,-0.236,-0.139
5000,B2_1,-0.164,0.23,-0.04,0.009,0.303,0.096,0.291,-0.04,0.14,0.036,1.0,-0.177,0.121,0.112,0.037,-0.054
5000,B2_2,0.001,-0.479,0.042,0.048,-0.161,-0.049,0.031,-0.131,-0.182,0.077,-0.177,1.0,0.127,0.133,0.072,0.152
5000,B2_3,0.129,0.246,-0.093,0.117,-0.25,-0.257,0.294,0.137,0.02,0.272,0.121,0.127,1.0,0.12,-0.216,0.096
5000,y1,-0.26,0.063,-0.173,-0.044,0.047,0.272,0.294,0.026,-0.15,-0.154,0.112,0.133,0.12,1.0,0.715,0.87
5000,y2,-0.118,0.033,0.032,-0.096,0.172,0.427,0.159,-0.245,-0.201,-0.236,0.037,0.072,-0.216,0.715,1.0,0.624
5000,y3,-0.122,0.046,-0.26,-0.097,0.095,0.343,0.337,0.079,-0.124,-0.139,-0.054,0.152,0.096,0.87,0.624,1.0
5500,.,1.0,-0.123,-0.305,-0.419,-0.028,0.036,-0.099,-0.17,-0.319,-0.086,-0.163,0.004,0.116,-0.195,-0.165,-0.124
5500,A1_1,-0.123,1.0,0.002,0.335,0.234,-0.139,0.068,0.073,0.329,0.415,0.223,-0.473,0.235,0.025,0.054,0.073
5500,A1_2,-0.305,0.002,1.0,0.323,-0.096,-0.192,-0.078,0.11,-0.063,0.161,-0.045,0.03,-0.086,-0.232,0.068,-0.263
5500,A1_3,-0.419,0.335,0.323,1.0,-0.142,-0.323,0.165,0.058,0.303,0.462,0.007,0.051,0.13,-0.108,-0.046,-0.089
5500,B1_1,-0.028,0.234,-0.096,-0.142,1.0,0.275,-0.009,-0.075,0.053,-0.116,0.304,-0.16,-0.249,0.079,0.127,0.116
5500,B1_2,0.036,-0.139,-0.192,-0.323,0.275,1.0,0.396,-0.318,-0.211,-0.357,0.101,-0.046,-0.256,0.295,0.396,0.359
5500,B1_3,-0.099,0.068,-0.078,0.165,-0.009,0.396,1.0,0.315,-0.047,0.284,0.293,0.033,0.296,0.295,0.164,0.348
5500,A2_1,-0.17,0.073,0.11,0.058,-0.075,-0.318,0.315,1.0,0.024,0.454,-0.038,-0.123,0.139,0.009,-0.202,0.062
5500,A2_2,-0.319,0.329,-0.063,0.303,0.053,-0.211,-0.047,0.024,1.0,0.332,0.137,-0.178,0.021,-0.113,-0.243,-0.097
5500,A2_3,-0.086,0.415,0.161,0.462,-0.116,-0.357,0.284,0.454,0.332,1.0,0.031,0.068,0.279,-0.183,-0.203,-0.132
5500,B2_1,-0.163,0.223,-0.045,0.007,0.304,0.101,0.293,-0.038,0.137,0.031,1.0,-0.175,0.131,0.086,0.032,-0.014
5500,B2_2,0.004,-0.473,0.03,0.051,-0.16,-0.046,0.033,-0.123,-0.178,0.068,-0.175,1.0,0.134,0.121,0.091,0.126
5500,B2_3,0.116,0.235,-0.086,0.13,-0.249,-0.256,0.296,0.139,0.021,0.279,0.131,0.134,1.0,0.104,-0.187,0.096
5500,y1,-0.195,0.025,-0.232,-0.108,0.079,0.295,0.295,0.009,-0.113,-0.183,0.086,0.121,0.104,1.0,0.768,0.921
5500,y2,-0.165,0.054,0.068,-0.046,0.127,0.396,0.164,-0.202,-0.243,-0.203,0.032,0.091,-0.187,0.768,1.0,0.674
5500,y3,-0.124,0.073,-0.263,-0.089,0.116,0.359,0.348,0.062,-0.097,-0.132,-0.014,0.126,0.096,0.921,0.674,1.0
6000,.,1.0,-0.111,-0.318,-0.417,-0.028,0.029,-0.102,-0.178,-0.322,-0.092,-0.163,0.004,0.115,-0.275,-0.179,-0.15
6000,A1_1,-0.111,1.0,0.023,0.333,0.234,-0.143,0.066,0.058,0.344,0.417,0.23,-0.47,0.232,0.036,0.035,0.086
6000,A1_2,-0.318,0.023,1.0,0.345,-0.091,-0.202,-0.073,0.131,-0.062,0.195,-0.05,0.019,-0.08,-0.167,0.039,-0.253
6000,A1_3,-0.417,0.333,0.345,1.0,-0.141,-0.326,0.156,0.061,0.317,0.472,0.001,0.05,0.125,-0.052,-0.055,-0.076
6000,B1_1,-0.028,0.234,-0.091,-0.141,1.0,0.276,-0.005,-0.082,0.047,-0.124,0.305,-0.157,-0.248,0.06,0.165,0.107
6000,B1_2,0.029,-0.143,-0.202,-0.326,0.276,1.0,0.399,-0.326,-0.219,-0.359,0.104,-0.043,-0.254,0.308,0.427,0.358
6000,B1_3,-0.102,0.066,-0.073,0.156,-0.005,0.399,1.0,0.313,-0.052,0.283,0.296,0.036,0.298,0.255,0.212,0.317
6000,A2_1,-0.178,0.058,0.131,0.061,-0.082,-0.326,0.313,1.0,0.033,0.478,-0.041,-0.113,0.135,-0.029,-0.199,0.007
6000,A2_2,-0.322,0.344,-0.062,0.317,0.047,-0.219,-0.052,0.033,1.0,0.349,0.125,-0.181,0.027,-0.123,-0.253,-0.143
6000,A2_3,-0.092,0.417,0.195,0.472,-0.124,-0.359,0.283,0.478,0.349,1.0,0.026,0.065,0.273,-0.191,-0.177,-0.171
6000,B2_1,-0.163,0.23,-0.05,0.001,0.305,0.104,0.296,-0.041,0.125,0.026,1.0,-0.171,0.141,0.053,0.038,0.012
6000,B2_2,0.004,-0.47,0.019,0.05,-0.157,-0.043,0.036,-0.113,-0.181,0.065,-0.171,1.0,0.144,0.105,0.122,0.111
6000,B2_3,0.115,0.232,-0.08,0.125,-0.248,-0.254,0.298,0.135,0.027,0.273,0.141,0.144,1.0,0.044,-0.175,0.102
6000,y1,-0.275,0.036,-0.167,-0.052,0.06,0.308,0.255,-0.029,-0.123,-0.191,0.053,0.105,0.044,1.0,0.802,0.929
6000,y2,-0.179,0.035,0.039,-0.055,0.165,0.427,0.212,-0.199,-0.253,-0.177,0.038,0.122,-0.175,0.802,1.0,0.746
6000,y3,-0.15,0.086,-0.253,-0.076,0.107,0.358,0.317,0.007,-0.143,-0.171,0.012,0.111,0.102,0.929,0.746,1.0
6500,.,1.0,-0.123,-0.325,-0.426,-0.039,0.013,-0.104,-0.175,-0.329,-0.091,-0.175,0.011,0.105,-0.287,-0.162,-0.228
6500,A1_1,-0.123,1.0,0.045,0.348,0.23,-0.157,0.054,0.058,0.355,0.429,0.231,-0.473,0.228,0.041,0.075,0.124
6500,A1_2,-0.325,0.045,1.0,0.366,-0.093,-0.217,-0.066,0.162,-0.045,0.227,-0.051,0.009,-0.085,-0.214,0.007,-0.231
6500,A1_3,-0.426,0.348,0.366,1.0,-0.124,-0.336,0.153,0.091,0.331,0.493,0.007,0.041,0.114,-0.062,-0.027,-0.033
6500,B1_1,-0.039,0.23,-0.093,-0.124,1.0,0.282,0.001,-0.095,0.045,-0.124,0.309,-0.151,-0.24,0.077,0.176,0.113
6500,B1_2,0.013,-0.157,-0.217,-0.336,0.282,1.0,0.401,-0.341,-0.227,-0.368,0.111,-0.037,-0.243,0.336,0.471,0.379
6500,B1_3,-0.104,0.054,-0.066,0.153,0.001,0.401,1.0,0.31,-0.055,0.273,0.299,0.041,0.306,0.256,0.267,0.345
6500,A2_1,-0.175,0.058,0.162,0.091,-0.095,-0.341,0.31,1.0,0.055,0.487,-0.039,-0.11,0.139,-0.066,-0.227,0.029
6500,A2_2,-0.329,0.355,-0.045,0.331,0.045,-0.227,-0.055,0.055,1.0,0.36,0.125,-0.181,0.02,-0.122,-0.23,-0.119
6500,A2_3,-0.091,0.429,0.227,0.493,-0.124,-0.368,0.273,0.487,0.36,1.0,0.023,0.052,0.261,-0.229,-0.151,-0.11
6500,B2_1,-0.175,0.231,-0.051,0.007,0.309,0.111,0.299,-0.039,0.125,0.023,1.0,-0.164,0.15,0.068,0.051,0.057
6500,B2_2,0.011,-0.473,0.009,0.041,-0.151,-0.037,0.041,-0.11,-0.181,0.052,-0.164,1.0,0.153,0.09,0.148,0.084
6500,B2_3,0.105,0.228,-0.085,0.114,-0.24,-0.243,0.306,0.139,0.02,0.261,0.15,0.153,1.0,0.038,-0.064,0.074
6500,y1,-0.287,0.041,-0.214,-0.062,0.077,0.336,0.256,-0.066,-0.122,-0.229,0.068,0.09,0.038,1.0,0.853,0.915
6500,y2,-0.162,0.075,0.007,-0.027,0.176,0.471,0.267,-0.227,-0.23,-0.151,0.051,0.148,-0.064,0.853,1.0,0.795
6500,y3,-0.228,0.124,-0.231,-0.033,0.113,0.379,0.345,0.029,-0.119,-0.11,0.057,0.084,0.074,0.915,0.795,1.0
7000,.,1.0,-0.15,-0.34,-0.43,-0.059,0.002,-0.111,-0.169,-0.33,-0.111,-0.184,0.01,0.095,-0.299,-0.167,-0.27
7000,A1_1,-0.15,1.0,0.076,0.369,0.23,-0.171,0.049,0.072,0.365,0.439,0.235,-0.467,0.226,0.019,0.088,0.086
7000,A1_2,-0.34,0.076,1.0,0.388,-0.096,-0.22,-0.063,0.163,-0.021,0.252,-0.048,-0.001,-0.087,-0.217,0.024,-0.232
7000,A1_3,-0.43,0.369,0.388,1.0,-0.126,-0.344,0.143,0.105,0.344,0.499,-0.005,0.021,0.109,-0.047,-0.042,-0.033
7000,B1_1,-0.059,0.23,-0.096,-0.126,1.0,0.288,0.008,-0.104,0.043,-0.125,0.313,-0.143,-0.235,0.12,0.047,0.132
7000,B1_2,0.002,-0.171,-0.22,-0.344,0.288,1.0,0.404,-0.342,-0.23,-0.362,0.115,-0.033,-0.237,0.342,0.449,0.438
7000,B1_3,-0.111,0.049,-0.063,0.143,0.008,0.404,1.0,0.307,-0.05,0.275,0.303,0.045,0.309,0.194,0.278,0.368
7000,A2_1,-0.169,0.072,0.163,0.105,-0.104,-0.342,0.307,1.0,0.072,0.501,-0.032,-0.108,0.131,-0.15,-0.19,0.028
7000,A2_2,-0.33,0.365,-0.021,0.344,0.043,-0.23,-0.05,0.072,1.0,0.371,0.119,-0.18,0.01,-0.129,-0.246,-0.126
7000,A2_3,-0.111,0.439,0.252,0.499,-0.125,-0.362,0.275,0.501,0.371,1.0,0.017,0.056,0.248,-0.269,-0.141,-0.089
7000,B2_1,-0.184,0.235,-0.048,-0.005,0.313,0.115,0.303,-0.032,0.119,0.017,1.0,-0.158,0.154,0.032,0.031,0.023
7000,B2_2,0.01,-0.467,-0.001,0.021,-0.143,-0.033,0.045,-0.108,-0.18,0.056,-0.158,1.0,0.159,0.112,0.103,0.093
7000,B2_3,0.095,0.226,-0.087,0.109,-0.235,-0.237,0.309,0.131,0.01,0.248,0.154,0.159,1.0,-0.028,0.02,0.037
7000,y1,-0.299,0.019,-0.217,-0.047,0.12,0.342,0.194,-0.15,-0.129,-0.269,0.032,0.112,-0.028,1.0,0.843,0.902
7000,y2,-0.167,0.088,0.024,-0.042,0.047,0.449,0.278,-0.19,-0.246,-0.141,0.031,0.103,0.02,0.843,1.0,0.804
7000,y3,-0.27,0.086,-0.232,-0.033,0.132,0.438,0.368,0.028,-0.126,-0.089,0.023,0.093,0.037,0.902,0.804,1.0
7500,.,1.0,-0.158,-0.337,-0.432,-0.061,-0.012,-0.121,-0.158,-0.336,-0.12,-0.191,-0.003,0.079,-0.32,-0.215,-0.282
7500,A1_1,-0.158,1.0,0.103,0.385,0.217,-0.181,0.043,0.073,0.386,0.449,0.244,-0.476,0.225,0.081,0.068,0.023
7500,A1_2,-0.337,0.103,1.0,0.404,-0.097,-0.224,-0.057,0.174,-0.011,0.26,-0.049,-0.007,-0.08,-0.163,-0.028,-0.236
7500,A1_3,-0.432,0.385,0.404,1.0,-0.126,-0.359,0.137,0.124,0.361,0.516,0.007,0.018,0.11,-0.024,-0.017,-0.05
7500,B1_1,-0.061,0.217,-0.097,-0.126,1.0,0.291,0.013,-0.121,0.04,-0.125,0.316,-0.136,-0.232,0.093,0.11,0.106
7500,B1_2,-0.012,-0.181,-0.224,-0.359,0.291,1.0,0.406,-0.345,-0.242,-0.372,0.117,-0.029,-0.235,0.341,0.479,0.473
7500,B1_3,-0.121,0.043,-0.057,0.137,0.013,0.406,1.0,0.314,-0.052,0.266,0.305,0.047,0.311,0.217,0.313,0.355
7500,A2_1,-0.158,0.073,0.174,0.124,-0.121,-0.345,0.314,1.0,0.098,0.518,-0.03,-0.112,0.131,-0.123,-0.211,-0.02
7500,A2_2,-0.336,0.386,-0.011,0.361,0.04,-0.242,-0.052,0.098,1.0,0.392,0.114,-0.187,0.013,-0.117,-0.235,-0.18
7500,A2_3,-0.12,0.449,0.26,0.516,-0.125,-0.372,0.266,0.518,0.392,1.0,0.014,0.048,0.244,-0.178,-0.146,-0.163
7500,B2_1,-0.191,0.244,-0.049,0.007,0.316,0.117,0.305,-0.03,0.114,0.014,1.0,-0.155,0.155,0.043,0.003,0.039
7500,B2_2,-0.003,-0.476,-0.007,0.018,-0.136,-0.029,0.047,-0.112,-0.187,0.048,-0.155,1.0,0.161,0.122,0.12,0.106
7500,B2_3,0.079,0.225,-0.08,0.11,-0.232,-0.235,0.311,0.131,0.013,0.244,0.155,0.161,1.0,0.035,-0.007,0.027
7500,y1,-0.32,0.081,-0.163,-0.024,0.093,0.341,0.217,-0.123,-0.117,-0.178,0.043,0.122,0.035,1.0,0.883,0.927
7500,y2,-0.215,0.068,-0.028,-0.017,0.11,0.479,0.313,-0.211,-0.235,-0.146,0.003,0.12,-0.007,0.883,1.0,0.861
7500,y3,-0.282,0.023,-0.236,-0.05,0.106,0.473,0.355,-0.02,-0.18,-0.163,0.039,0.106,0.027,0.927,0.861,1.0
8000,.,1.0,-0.169,-0.34,-0.44,-0.073,-0.021,-0.129,-0.143,-0.329,-0.126,-0.193,-0.002,0.081,-0.407,-0.25,-0.333
8000,A1_1,-0.169,1.0,0.131,0.4,0.218,-0.206,0.02,0.098,0.417,0.463,0.24,-0.475,0.22,-0.003,0.067,0.026
8000,A1_2,-0.34,0.131,1.0,0.419,-0.096,-0.243,-0.059,0.199,0.007,0.288,-0.055,-0.023,-0.084,-0.131,-0.043,-0.199
8000,A1_3,-0.44,0.4,0.419,1.0,-0.126,-0.364,0.124,0.135,0.375,0.528,0.009,0.001,0.098,-0.032,-0.029,-0.045
8000,B1_1,-0.073,0.218,-0.096,-0.126,1.0,0.295,0.016,-0.128,0.047,-0.138,0.321,-0.127,-0.229,0.104,0.147,0.124
8000,B1_2,-0.021,-0.206,-0.243,-0.364,0.295,1.0,0.41,-0.35,-0.255,-0.389,0.123,-0.021,-0.23,0.378,0.509,0.452
8000,B1_3,-0.129,0.02,-0.059,0.124,0.016,0.41,1.0,0.307,-0.064,0.246,0.314,0.057,0.317,0.275,0.292,0.352
8000,A2_1,-0.143,0.098,0.199,0.135,-0.128,-0.35,0.307,1.0,0.106,0.537,-0.02,-0.119,0.129,-0.069,-0.24,-0.039
8000,A2_2,-0.329,0.417,0.007,0.375,0.047,-0.255,-0.064,0.106,1.0,0.41,0.11,-0.196,0.013,-0.087,-0.228,-0.177
8000,A2_3,-0.126,0.463,0.288,0.528,-0.138,-0.389,0.246,0.537,0.41,1.0,-0.002,0.039,0.24,-0.162,-0.167,-0.183
8000,B2_1,-0.193,0.24,-0.055,0.009,0.321,0.123,0.314,-0.02,0.11,-0.002,1.0,-0.15,0.159,0.035,0.002,0.096
8000,B2_2,-0.002,-0.475,-0.023,0.001,-0.127,-0.021,0.057,-0.119,-0.196,0.039,-0.15,1.0,0.165,0.092,0.107,0.069
8000,B2_3,0.081,0.22,-0.084,0.098,-0.229,-0.23,0.317,0.129,0.013,0.24,0.159,0.165,1.0,-0.029,-0.041,0.083
8000,y1,-0.407,-0.003,-0.131,-0.032,0.104,0.378,0.275,-0.069,-0.087,-0.162,0.035,0.092,-0.029,1.0,0.894,0.948
8000,y2,-0.25,0.067,-0.043,-0.029,0.147,0.509,0.292,-0.24,-0.228,-0.167,0.002,0.107,-0.041,0.894,1.0,0.881
8000,y3,-0.333,0.026,-0.199,-0.045,0.124,0.452,0.352,-0.039,-0.177,-0.183,0.096,0.069,0.083,0.948,0.881,1.0
8500,.,1.0,-0.167,-0.327,-0.435,-0.081,-0.034,-0.12,-0.137,-0.33,-0.115,-0.181,0.001,0.095,-0.378,-0.29,-0.379
8500,A1_1,-0.167,1.0,0.167,0.425,0.201,-0.23,0.006,0.116,0.436,0.469,0.242,-0.474,0.221,-0.018,0.077,0.046
8500,A1_2,-0.327,0.167,1.0,0.442,-0.102,-0.255,-0.058,0.225,0.02,0.313,-0.057,-0.042,-0.083,-0.164,-0.067,-0.175
8500,A1_3,-0.435,0.425,0.442,1.0,-0.125,-0.373,0.113,0.157,0.397,0.533,0.014,-0.01,0.097,-0.031,0.02,-0.02
8500,B1_1,-0.081,0.201,-0.102,-0.125,1.0,0.305,0.027,-0.142,0.041,-0.155,0.33,-0.116,-0.221,0.157,0.095,0.114
8500,B1_2,-0.034,-0.23,-0.255,-0.373,0.305,1.0,0.416,-0.363,-0.264,-0.403,0.132,-0.011,-0.226,0.414,0.467,0.418
8500,B1_3,-0.12,0.006,-0.058,0.113,0.027,0.416,1.0,0.293,-0.063,0.238,0.324,0.068,0.321,0.318,0.28,0.296
8500,A2_1,-0.137,0.116,0.225,0.157,-0.142,-0.363,0.293,1.0,0.12,0.551,-0.015,-0.125,0.12,-0.087,-0.234,-0.09
8500,A2_2,-0.33,0.436,0.02,0.397,0.041,-0.264,-0.063,0.12,1.0,0.428,0.112,-0.2,0.017,-0.136,-0.197,-0.179
8500,A2_3,-0.115,0.469,0.313,0.533,-0.155,-0.403,0.238,0.551,0.428,1.0,0.006,0.033,0.236,-0.179,-0.149,-0.191
8500,B2_1,-0.181,0.242,-0.057,0.014,0.33,0.132,0.324,-0.015,0.112,0.006,1.0,-0.148,0.162,0.028,-0.015,0.067
8500,B2_2,0.001,-0.474,-0.042,-0.01,-0.116,-0.011,0.068,-0.125,-0.2,0.033,-0.148,1.0,0.168,0.141,0.103,0.079
8500,B2_3,0.095,0.221,-0.083,0.097,-0.221,-0.226,0.321,0.12,0.017,0.236,0.162,0.168,1.0,-0.015,-0.038,0.059
8500,y1,-0.378,-0.018,-0.164,-0.031,0.157,0.414,0.318,-0.087,-0.136,-0.179,0.028,0.141,-0.015,1.0,0.903,0.958
8500,y2,-0.29,0.077,-0.067,0.02,0.095,0.467,0.28,-0.234,-0.197,-0.149,-0.015,0.103,-0.038,0.903,1.0,0.901
8500,y3,-0.379,0.046,-0.175,-0.02,0.114,0.418,0.296,-0.09,-0.179,-0.191,0.067,0.079,0.059,0.958,0.901,1.0
9000,.,1.0,-0.168,-0.33,-0.433,-0.064,-0.038,-0.115,-0.134,-0.33,-0.105,-0.185,0.014,0.109,-0.378,-0.286,-0.363
9000,A1_1,-0.168,1.0,0.178,0.441,0.197,-0.238,0.001,0.123,0.452,0.47,0.237,-0.469,0.22,0.065,0.023,0.034
9000,A1_2,-0.33,0.178,1.0,0.453,-0.109,-0.269,-0.057,0.254,0.036,0.327,-0.058,-0.05,-0.083,-0.191,-0.063,-0.192
9000,A1_3,-0.433,0.441,0.453,1.0,-0.134,-0.377,0.102,0.167,0.403,0.536,0.001,-0.024,0.088,-0.039,-0.001,-0.001
9000,B1_1,-0.064,0.197,-0.109,-0.134,1.0,0.309,0.032,-0.144,0.042,-0.163,0.335,-0.108,-0.213,0.16,0.118,0.122
9000,B1_2,-0.038,-0.238,-0.269,-0.377,0.309,1.0,0.417,-0.364,-0.271,-0.404,0.136,-0.006,-0.221,0.448,0.444,0.451
9000,B1_3,-0.115,0.001,-0.057,0.102,0.032,0.417,1.0,0.294,-0.064,0.241,0.327,0.075,0.325,0.295,0.273,0.308
9000,A2_1,-0.134,0.123,0.254,0.167,-0.144,-0.364,0.294,1.0,0.132,0.566,-0.004,-0.133,0.115,-0.13,-0.238,-0.096
9000,A2_2,-0.33,0.452,0.036,0.403,0.042,-0.271,-0.064,0.132,1.0,0.435,0.11,-0.203,0.018,-0.132,-0.215,-0.161
9000,A2_3,-0.105,0.47,0.327,0.536,-0.163,-0.404,0.241,0.566,0.435,1.0,0.009,0.033,0.234,-0.197,-0.184,-0.174
9000,B2_1,-0.185,0.237,-0.058,0.001,0.335,0.136,0.327,-0.004,0.11,0.009,1.0,-0.142,0.167,0.097,-0.023,0.072
9000,B2_2,0.014,-0.469,-0.05,-0.024,-0.108,-0.006,0.075,-0.133,-0.203,0.033,-0.142,1.0,0.174,0.074,0.136,0.076
9000,B2_3,0.109,0.22,-0.083,0.088,-0.213,-0.221,0.325,0.115,0.018,0.234,0.167,0.174,1.0,0.02,-0.078,0.018
9000,y1,-0.378,0.065,-0.191,-0.039,0.16,0.448,0.295,-0.13,-0.132,-0.197,0.097,0.074,0.02,1.0,0.911,0.975
9000,y2,-0.286,0.023,-0.063,-0.001,0.118,0.444,0.273,-0.238,-0.215,-0.184,-0.023,0.136,-0.078,0.911,1.0,0.893
9000,y3,-0.363,0.034,-0.192,-0.001,0.122,0.451,0.308,-0.096,-0.161,-0.174,0.072,0.076,0.018,0.975,0.893,1.0
9500,.,1.0,-0.175,-0.347,-0.437,-0.055,-0.034,-0.102,-0.131,-0.329,-0.11,-0.196,0.018,0.12,-0.373,-0.291,-0.368
9500,A1_1,-0.175,1.0,0.204,0.438,0.19,-0.243,-0.018,0.129,0.47,0.469,0.236,-0.46,0.218,0.049,0.045,0.019
9500,A1_2,-0.347,0.204,1.0,0.469,-0.112,-0.281,-0.048,0.281,0.043,0.345,-0.054,-0.051,-0.074,-0.166,-0.068,-0.173
9500,A1_3,-0.437,0.438,0.469,1.0,-0.141,-0.382,0.096,0.193,0.412,0.543,0.001,-0.019,0.084,-0.03,-0.003,-0.01
9500,B1_1,-0.055,0.19,-0.112,-0.141,1.0,0.31,0.033,-0.15,0.042,-0.175,0.338,-0.103,-0.208,0.124,0.119,0.128
9500,B1_2,-0.034,-0.243,-0.281,-0.382,0.31,1.0,0.418,-0.378,-0.273,-0.409,0.138,-0.002,-0.217,0.42,0.452,0.441
9500,B1_3,-0.102,-0.018,-0.048,0.096,0.033,0.418,1.0,0.288,-0.07,0.244,0.33,0.08,0.329,0.262,0.242,0.327
9500,A2_1,-0.131,0.129,0.281,0.193,-0.15,-0.378,0.288,1.0,0.146,0.597,-0.008,-0.133,0.114,-0.146,-0.265,-0.103
9500,A2_2,-0.329,0.47,0.043,0.412,0.042,-0.273,-0.07,0.146,1.0,0.447,0.113,-0.208,0.019,-0.12,-0.245,-0.142
9500,A2_3,-0.11,0.469,0.345,0.543,-0.175,-0.409,0.244,0.597,0.447,1.0,0.002,0.025,0.236,-0.192,-0.206,-0.156
9500,B2_1,-0.196,0.236,-0.054,0.001,0.338,0.138,0.33,-0.008,0.113,0.002,1.0,-0.139,0.171,0.032,-0.027,0.09
9500,B2_2,0.018,-0.46,-0.051,-0.019,-0.103,-0.002,0.08,-0.133,-0.208,0.025,-0.139,1.0,0.178,0.071,0.108,0.125
9500,B2_3,0.12,0.218,-0.074,0.084,-0.208,-0.217,0.329,0.114,0.019,0.236,0.171,0.178,1.0,-0.017,-0.083,0.049
9500,y1,-0.373,0.049,-0.166,-0.03,0.124,0.42,0.262,-0.146,-0.12,-0.192,0.032,0.071,-0.017,1.0,0.915,0.963
9500,y2,-0.291,0.045,-0.068,-0.003,0.119,0.452,0.242,-0.265,-0.245,-0.206,-0.027,0.108,-0.083,0.915,1.0,0.894
9500,y3,-0.368,0.019,-0.173,-0.01,0.128,0.441,0.327,-0.103,-0.142,-0.156,0.09,0.125,0.049,0.963,0.894,1.0
10000,.,1.0,-0.184,-0.37,-0.451,-0.064,-0.043,-0.101,-0.15,-0.339,-0.118,-0.196,0.019,0.123,-0.322,-0.297,-0.391
10000,A1_1,-0.184,1.0,0.231,0.444,0.186,-0.256,-0.025,0.164,0.477,0.488,0.235,-0.462,0.207,0.059,0.06,-0.01
10000,A1_2,-0.37,0.231,1.0,0.493,-0.106,-0.279,-0.034,0.319,0.08,0.362,-0.046,-0.065,-0.073,-0.224,-0.05,-0.144
10000,A1_3,-0.451,0.444,0.493,1.0,-0.149,-0.388,0.093,0.243,0.424,0.564,0.003,-0.02,0.082,-0.055,0.009,-0.008
10000,B1_1,-0.064,0.186,-0.106,-0.149,1.0,0.316,0.035,-0.158,0.029,-0.18,0.347,-0.094,-0.203,0.143,0.084,0.104
10000,B1_2,-0.043,-0.256,-0.279,-0.388,0.316,1.0,0.419,-0.384,-0.274,-0.419,0.15,0.007,-0.213,0.471,0.411,0.428
10000,B1_3,-0.101,-0.025,-0.034,0.093,0.035,0.419,1.0,0.286,-0.067,0.233,0.333,0.084,0.331,0.313,0.269,0.345
10000,A2_1,-0.15,0.164,0.319,0.243,-0.158,-0.384,0.286,1.0,0.175,0.608,0.003,-0.132,0.11,-0.168,-0.223,-0.1
10000,A2_2,-0.339,0.477,0.08,0.424,0.029,-0.274,-0.067,0.175,1.0,0.476,0.103,-0.198,0.015,-0.143,-0.209,-0.114
10000,A2_3,-0.118,0.488,0.362,0.564,-0.18,-0.419,0.233,0.608,0.476,1.0,0.002,0.02,0.228,-0.184,-0.156,-0.176
10000,B2_1,-0.196,0.235,-0.046,0.003,0.347,0.15,0.333,0.003,0.103,0.002,1.0,-0.135,0.173,0.09,-0.031,0.071
10000,B2_2,0.019,-0.462,-0.065,-0.02,-0.094,0.007,0.084,-0.132,-0.198,0.02,-0.135,1.0,0.181,0.061,0.096,0.137
10000,B2_3,0.123,0.207,-0.073,0.082,-0.203,-0.213,0.331,0.11,0.015,0.228,0.173,0.181,1.0,-0.007,-0.076,0.047
10000,y1,-0.322,0.059,-0.224,-0.055,0.143,0.471,0.313,-0.168,-0.143,-0.184,0.09,0.061,-0.007,1.0,0.928,0.965
10000,y2,-0.297,0.06,-0.05,0.009,0.084,0.411,0.269,-0.223,-0.209,-0.156,-0.031,0.096,-0.076,0.928,1.0,0.898
10000,y3,-0.391,-0.01,-0.144,-0.008,0.104,0.428,0.345,-0.1,-0.114,-0.176,0.071,0.137,0.047,0.965,0.898,1.0
