,,.,A1_1,A1_2,A1_3,B1_1,B1_2,B1_3,A2_1,A2_2,A2_3,B2_1,B2_2,B2_3,y1,y2,y3
0,.,1.0,-0.174,0.067,0.093,-0.504,-0.145,0.069,-0.206,-0.24,0.029,0.285,-0.102,-0.281,0.112,-0.021,0.122
0,A1_1,-0.174,1.0,0.129,0.062,0.052,-0.104,0.226,-0.166,0.191,-0.234,0.06,0.155,-0.037,0.015,-0.144,-0.236
0,A1_2,0.067,0.129,1.0,0.109,0.042,-0.129,0.572,0.189,0.154,-0.023,0.386,0.117,-0.283,0.016,-0.16,-0.061
0,A1_3,0.093,0.062,0.109,1.0,-0.266,-0.217,0.071,-0.044,-0.039,-0.089,0.051,0.342,0.047,-0.05,0.031,-0.232
0,B1_1,-0.504,0.052,0.042,-0.266,1.0,0.101,0.161,0.084,0.119,0.178,-0.337,0.045,0.126,-0.195,0.143,-0.118
0,B1_2,-0.145,-0.104,-0.129,-0.217,0.101,1.0,0.003,0.179,-0.019,0.353,-0.043,-0.214,0.246,0.104,0.105,-0.026
0,B1_3,0.069,0.226,0.572,0.071,0.161,0.003,1.0,-0.158,0.167,-0.243,0.118,-0.019,-0.121,0.205,-0.012,-0.232
0,A2_1,-0.206,-0.166,0.189,-0.044,0.084,0.179,-0.158,1.0,0.438,0.379,-0.009,-0.249,-0.281,-0.076,-0.068,-0.106
0,A2_2,-0.24,0.191,0.154,-0.039,0.119,-0.019,0.167,0.438,1.0,-0.083,-0.036,-0.042,-0.358,0.334,-0.046,0.144
0,A2_3,0.029,-0.234,-0.023,-0.089,0.178,0.353,-0.243,0.379,-0.083,1.0,-0.026,-0.22,0.062,0.026,0.086,0.135
0,B2_1,0.285,0.06,0.386,0.051,-0.337,-0.043,0.118,-0.009,-0.036,-0.026,1.0,0.185,-0.133,0.15,0.052,0.171
0,B2_2,-0.102,0.155,0.117,0.342,0.045,-0.214,-0.019,-0.249,-0.042,-0.22,0.185,1.0,0.04,-0.217,0.059,-0.081
0,B2_3,-0.281,-0.037,-0.283,0.047,0.126,0.246,-0.121,-0.281,-0.358,0.062,-0.133,0.04,1.0,-0.398,-0.171,0.223
0,y1,0.112,0.015,0.016,-0.05,-0.195,0.104,0.205,-0.076,0.334,0.026,0.15,-0.217,-0.398,1.0,0.233,0.12
0,y2,-0.021,-0.144,-0.16,0.031,0.143,0.105,-0.012,-0.068,-0.046,0.086,0.052,0.059,-0.171,0.233,1.0,-0.078
0,y3,0.122,-0.236,-0.061,-0.232,-0.118,-0.026,-0.232,-0.106,0.144,0.135,0.171,-0.081,0.223,0.12,-0.078,1.0
1,.,1.0,-0.168,0.071,0.095,-0.501,-0.142,0.069,-0.2,-0.237,0.038,0.287,-0.102,-0.284,0.115,-0.016,0.12
1,A1_1,-0.168,1.0,0.128,0.064,0.052,-0.102,0.226,-0.167,0.192,-0.231,0.06,0.156,-0.034,0.013,-0.149,-0.236
1,A1_2,0.071,0.128,1.0,0.106,0.041,-0.126,0.573,0.187,0.151,-0.024,0.388,0.117,-0.28,0.016,-0.161,-0.062
1,A1_3,0.095,0.064,0.106,1.0,-0.265,-0.214,0.07,-0.045,-0.04,-0.087,0.054,0.344,0.051,-0.053,0.026,-0.234
1,B1_1,-0.501,0.052,0.041,-0.265,1.0,0.097,0.16,0.081,0.118,0.173,-0.341,0.045,0.128,-0.197,0.147,-0.115
1,B1_2,-0.142,-0.102,-0.126,-0.214,0.097,1.0,0.002,0.178,-0.017,0.353,-0.046,-0.217,0.245,0.107,0.108,-0.019
1,B1_3,0.069,0.226,0.573,0.07,0.16,0.002,1.0,-0.159,0.167,-0.245,0.114,-0.021,-0.119,0.204,-0.015,-0.232
1,A2_1,-0.2,-0.167,0.187,-0.045,0.081,0.178,-0.159,1.0,0.439,0.38,-0.01,-0.249,-0.281,-0.078,-0.069,-0.107
1,A2_2,-0.237,0.192,0.151,-0.04,0.118,-0.017,0.167,0.439,1.0,-0.082,-0.036,-0.043,-0.356,0.331,-0.048,0.139
1,A2_3,0.038,-0.231,-0.024,-0.087,0.173,0.353,-0.245,0.38,-0.082,1.0,-0.028,-0.222,0.06,0.028,0.088,0.139
1,B2_1,0.287,0.06,0.388,0.054,-0.341,-0.046,0.114,-0.01,-0.036,-0.028,1.0,0.186,-0.132,0.151,0.051,0.172
1,B2_2,-0.102,0.156,0.117,0.344,0.045,-0.217,-0.021,-0.249,-0.043,-0.222,0.186,1.0,0.043,-0.222,0.054,-0.082
1,B2_3,-0.284,-0.034,-0.28,0.051,0.128,0.245,-0.119,-0.281,-0.356,0.06,-0.132,0.043,1.0,-0.396,-0.166,0.226
1,y1,0.115,0.013,0.016,-0.053,-0.197,0.107,0.204,-0.078,0.331,0.028,0.151,-0.222,-0.396,1.0,0.232,0.121
1,y2,-0.016,-0.149,-0.161,0.026,0.147,0.108,-0.015,-0.069,-0.048,0.088,0.051,0.054,-0.166,0.232,1.0,-0.071
1,y3,0.12,-0.236,-0.062,-0.234,-0.115,-0.019,-0.232,-0.107,0.139,0.139,0.172,-0.082,0.226,0.121,-0.071,1.0
2,.,1.0,-0.166,0.075,0.099,-0.501,-0.142,0.071,-0.193,-0.235,0.046,0.287,-0.099,-0.289,0.114,-0.013,0.117
2,A1_1,-0.166,1.0,0.128,0.065,0.053,-0.099,0.228,-0.165,0.193,-0.23,0.061,0.158,-0.033,0.01,-0.152,-0.239
2,A1_2,0.075,0.128,1.0,0.105,0.042,-0.124,0.575,0.186,0.151,-0.023,0.391,0.119,-0.28,0.017,-0.161,-0.061
2,A1_3,0.099,0.065,0.105,1.0,-0.265,-0.212,0.072,-0.046,-0.039,-0.086,0.055,0.346,0.052,-0.056,0.022,-0.236
2,B1_1,-0.501,0.053,0.042,-0.265,1.0,0.092,0.159,0.08,0.117,0.169,-0.343,0.045,0.128,-0.196,0.148,-0.115
2,B1_2,-0.142,-0.099,-0.124,-0.212,0.092,1.0,0.0,0.182,-0.015,0.352,-0.051,-0.219,0.243,0.109,0.111,-0.018
2,B1_3,0.071,0.228,0.575,0.072,0.159,0.0,1.0,-0.159,0.168,-0.246,0.112,-0.022,-0.118,0.203,-0.017,-0.232
2,A2_1,-0.193,-0.165,0.186,-0.046,0.08,0.182,-0.159,1.0,0.439,0.381,-0.009,-0.25,-0.28,-0.078,-0.07,-0.107
2,A2_2,-0.235,0.193,0.151,-0.039,0.117,-0.015,0.168,0.439,1.0,-0.081,-0.036,-0.043,-0.356,0.331,-0.05,0.138
2,A2_3,0.046,-0.23,-0.023,-0.086,0.169,0.352,-0.246,0.381,-0.081,1.0,-0.031,-0.223,0.056,0.031,0.091,0.141
2,B2_1,0.287,0.061,0.391,0.055,-0.343,-0.051,0.112,-0.009,-0.036,-0.031,1.0,0.186,-0.132,0.151,0.051,0.172
2,B2_2,-0.099,0.158,0.119,0.346,0.045,-0.219,-0.022,-0.25,-0.043,-0.223,0.186,1.0,0.044,-0.225,0.051,-0.084
2,B2_3,-0.289,-0.033,-0.28,0.052,0.128,0.243,-0.118,-0.28,-0.356,0.056,-0.132,0.044,1.0,-0.395,-0.165,0.226
2,y1,0.114,0.01,0.017,-0.056,-0.196,0.109,0.203,-0.078,0.331,0.031,0.151,-0.225,-0.395,1.0,0.234,0.125
2,y2,-0.013,-0.152,-0.161,0.022,0.148,0.111,-0.017,-0.07,-0.05,0.091,0.051,0.051,-0.165,0.234,1.0,-0.067
2,y3,0.117,-0.239,-0.061,-0.236,-0.115,-0.018,-0.232,-0.107,0.138,0.141,0.172,-0.084,0.226,0.125,-0.067,1.0
3,.,1.0,-0.165,0.076,0.101,-0.501,-0.142,0.068,-0.185,-0.237,0.056,0.291,-0.101,-0.292,0.115,-0.011,0.114
3,A1_1,-0.165,1.0,0.128,0.066,0.053,-0.096,0.231,-0.164,0.193,-0.228,0.062,0.157,-0.031,0.007,-0.155,-0.242
3,A1_2,0.076,0.128,1.0,0.103,0.043,-0.12,0.577,0.187,0.151,-0.022,0.393,0.121,-0.28,0.018,-0.159,-0.063
3,A1_3,0.101,0.066,0.103,1.0,-0.265,-0.209,0.073,-0.047,-0.039,-0.084,0.056,0.348,0.053,-0.056,0.022,-0.237
3,B1_1,-0.501,0.053,0.043,-0.265,1.0,0.088,0.159,0.079,0.116,0.166,-0.345,0.046,0.128,-0.195,0.148,-0.113
3,B1_2,-0.142,-0.096,-0.12,-0.209,0.088,1.0,-0.0,0.185,-0.013,0.351,-0.055,-0.222,0.241,0.111,0.112,-0.015
3,B1_3,0.068,0.231,0.577,0.073,0.159,-0.0,1.0,-0.158,0.168,-0.248,0.11,-0.022,-0.117,0.202,-0.018,-0.233
3,A2_1,-0.185,-0.164,0.187,-0.047,0.079,0.185,-0.158,1.0,0.44,0.381,-0.009,-0.25,-0.28,-0.078,-0.07,-0.108
3,A2_2,-0.237,0.193,0.151,-0.039,0.116,-0.013,0.168,0.44,1.0,-0.078,-0.036,-0.043,-0.356,0.329,-0.048,0.136
3,A2_3,0.056,-0.228,-0.022,-0.084,0.166,0.351,-0.248,0.381,-0.078,1.0,-0.034,-0.224,0.053,0.033,0.094,0.142
3,B2_1,0.291,0.062,0.393,0.056,-0.345,-0.055,0.11,-0.009,-0.036,-0.034,1.0,0.186,-0.132,0.151,0.051,0.172
3,B2_2,-0.101,0.157,0.121,0.348,0.046,-0.222,-0.022,-0.25,-0.043,-0.224,0.186,1.0,0.044,-0.229,0.047,-0.088
3,B2_3,-0.292,-0.031,-0.28,0.053,0.128,0.241,-0.117,-0.28,-0.356,0.053,-0.132,0.044,1.0,-0.395,-0.166,0.225
3,y1,0.115,0.007,0.018,-0.056,-0.195,0.111,0.202,-0.078,0.329,0.033,0.151,-0.229,-0.395,1.0,0.238,0.13
3,y2,-0.011,-0.155,-0.159,0.022,0.148,0.112,-0.018,-0.07,-0.048,0.094,0.051,0.047,-0.166,0.238,1.0,-0.061
3,y3,0.114,-0.242,-0.063,-0.237,-0.113,-0.015,-0.233,-0.108,0.136,0.142,0.172,-0.088,0.225,0.13,-0.061,1.0
4,.,1.0,-0.165,0.078,0.101,-0.501,-0.142,0.065,-0.177,-0.238,0.062,0.293,-0.1,-0.295,0.113,-0.012,0.11
4,A1_1,-0.165,1.0,0.129,0.068,0.054,-0.093,0.232,-0.163,0.194,-0.226,0.063,0.157,-0.03,0.003,-0.158,-0.244
4,A1_2,0.078,0.129,1.0,0.103,0.043,-0.117,0.578,0.187,0.15,-0.021,0.396,0.123,-0.278,0.018,-0.158,-0.063
4,A1_3,0.101,0.068,0.103,1.0,-0.264,-0.207,0.075,-0.048,-0.038,-0.082,0.057,0.349,0.054,-0.057,0.02,-0.238
4,B1_1,-0.501,0.054,0.043,-0.264,1.0,0.085,0.16,0.078,0.116,0.163,-0.347,0.047,0.129,-0.195,0.149,-0.111
4,B1_2,-0.142,-0.093,-0.117,-0.207,0.085,1.0,-0.001,0.186,-0.01,0.349,-0.059,-0.223,0.241,0.112,0.113,-0.011
4,B1_3,0.065,0.232,0.578,0.075,0.16,-0.001,1.0,-0.158,0.169,-0.249,0.109,-0.021,-0.115,0.2,-0.019,-0.233
4,A2_1,-0.177,-0.163,0.187,-0.048,0.078,0.186,-0.158,1.0,0.441,0.382,-0.009,-0.251,-0.281,-0.078,-0.071,-0.108
4,A2_2,-0.238,0.194,0.15,-0.038,0.116,-0.01,0.169,0.441,1.0,-0.076,-0.035,-0.043,-0.356,0.326,-0.05,0.133
4,A2_3,0.062,-0.226,-0.021,-0.082,0.163,0.349,-0.249,0.382,-0.076,1.0,-0.037,-0.225,0.051,0.034,0.095,0.145
4,B2_1,0.293,0.063,0.396,0.057,-0.347,-0.059,0.109,-0.009,-0.035,-0.037,1.0,0.187,-0.132,0.151,0.05,0.172
4,B2_2,-0.1,0.157,0.123,0.349,0.047,-0.223,-0.021,-0.251,-0.043,-0.225,0.187,1.0,0.045,-0.232,0.043,-0.09
4,B2_3,-0.295,-0.03,-0.278,0.054,0.129,0.241,-0.115,-0.281,-0.356,0.051,-0.132,0.045,1.0,-0.395,-0.165,0.226
4,y1,0.113,0.003,0.018,-0.057,-0.195,0.112,0.2,-0.078,0.326,0.034,0.151,-0.232,-0.395,1.0,0.242,0.135
4,y2,-0.012,-0.158,-0.158,0.02,0.149,0.113,-0.019,-0.071,-0.05,0.095,0.05,0.043,-0.165,0.242,1.0,-0.056
4,y3,0.11,-0.244,-0.063,-0.238,-0.111,-0.011,-0.233,-0.108,0.133,0.145,0.172,-0.09,0.226,0.135,-0.056,1.0
5,.,1.0,-0.161,0.08,0.102,-0.501,-0.141,0.066,-0.17,-0.238,0.068,0.293,-0.101,-0.298,0.11,-0.01,0.106
5,A1_1,-0.161,1.0,0.13,0.07,0.055,-0.089,0.234,-0.162,0.194,-0.224,0.066,0.158,-0.029,-0.0,-0.163,-0.248
5,A1_2,0.08,0.13,1.0,0.102,0.044,-0.115,0.579,0.187,0.15,-0.019,0.399,0.124,-0.277,0.019,-0.158,-0.064
5,A1_3,0.102,0.07,0.102,1.0,-0.264,-0.206,0.076,-0.05,-0.035,-0.082,0.058,0.349,0.053,-0.058,0.016,-0.24
5,B1_1,-0.501,0.055,0.044,-0.264,1.0,0.082,0.161,0.076,0.115,0.159,-0.348,0.049,0.13,-0.193,0.149,-0.112
5,B1_2,-0.141,-0.089,-0.115,-0.206,0.082,1.0,-0.001,0.188,-0.009,0.347,-0.064,-0.223,0.24,0.113,0.116,-0.009
5,B1_3,0.066,0.234,0.579,0.076,0.161,-0.001,1.0,-0.157,0.168,-0.25,0.107,-0.021,-0.113,0.199,-0.019,-0.233
5,A2_1,-0.17,-0.162,0.187,-0.05,0.076,0.188,-0.157,1.0,0.443,0.385,-0.009,-0.251,-0.281,-0.08,-0.074,-0.109
5,A2_2,-0.238,0.194,0.15,-0.035,0.115,-0.009,0.168,0.443,1.0,-0.073,-0.034,-0.043,-0.355,0.322,-0.053,0.13
5,A2_3,0.068,-0.224,-0.019,-0.082,0.159,0.347,-0.25,0.385,-0.073,1.0,-0.04,-0.226,0.048,0.036,0.098,0.146
5,B2_1,0.293,0.066,0.399,0.058,-0.348,-0.064,0.107,-0.009,-0.034,-0.04,1.0,0.187,-0.132,0.15,0.051,0.172
5,B2_2,-0.101,0.158,0.124,0.349,0.049,-0.223,-0.021,-0.251,-0.043,-0.226,0.187,1.0,0.047,-0.237,0.039,-0.095
5,B2_3,-0.298,-0.029,-0.277,0.053,0.13,0.24,-0.113,-0.281,-0.355,0.048,-0.132,0.047,1.0,-0.393,-0.163,0.224
5,y1,0.11,-0.0,0.019,-0.058,-0.193,0.113,0.199,-0.08,0.322,0.036,0.15,-0.237,-0.393,1.0,0.247,0.141
5,y2,-0.01,-0.163,-0.158,0.016,0.149,0.116,-0.019,-0.074,-0.053,0.098,0.051,0.039,-0.163,0.247,1.0,-0.05
5,y3,0.106,-0.248,-0.064,-0.24,-0.112,-0.009,-0.233,-0.109,0.13,0.146,0.172,-0.095,0.224,0.141,-0.05,1.0
6,.,1.0,-0.157,0.082,0.104,-0.502,-0.144,0.064,-0.162,-0.237,0.072,0.293,-0.1,-0.3,0.106,-0.013,0.102
6,A1_1,-0.157,1.0,0.13,0.071,0.056,-0.086,0.236,-0.16,0.194,-0.221,0.069,0.158,-0.028,-0.003,-0.169,-0.251
6,A1_2,0.082,0.13,1.0,0.102,0.045,-0.113,0.58,0.187,0.15,-0.018,0.402,0.125,-0.277,0.019,-0.161,-0.066
6,A1_3,0.104,0.071,0.102,1.0,-0.265,-0.204,0.078,-0.05,-0.034,-0.081,0.06,0.349,0.053,-0.059,0.013,-0.242
6,B1_1,-0.502,0.056,0.045,-0.265,1.0,0.082,0.162,0.075,0.115,0.156,-0.351,0.051,0.131,-0.192,0.148,-0.111
6,B1_2,-0.144,-0.086,-0.113,-0.204,0.082,1.0,-0.0,0.189,-0.007,0.345,-0.068,-0.223,0.24,0.115,0.118,-0.007
6,B1_3,0.064,0.236,0.58,0.078,0.162,-0.0,1.0,-0.157,0.168,-0.252,0.106,-0.02,-0.112,0.197,-0.023,-0.235
6,A2_1,-0.162,-0.16,0.187,-0.05,0.075,0.189,-0.157,1.0,0.445,0.387,-0.007,-0.251,-0.28,-0.081,-0.075,-0.11
6,A2_2,-0.237,0.194,0.15,-0.034,0.115,-0.007,0.168,0.445,1.0,-0.07,-0.034,-0.045,-0.355,0.319,-0.055,0.127
6,A2_3,0.072,-0.221,-0.018,-0.081,0.156,0.345,-0.252,0.387,-0.07,1.0,-0.042,-0.228,0.044,0.037,0.101,0.147
6,B2_1,0.293,0.069,0.402,0.06,-0.351,-0.068,0.106,-0.007,-0.034,-0.042,1.0,0.188,-0.134,0.149,0.052,0.17
6,B2_2,-0.1,0.158,0.125,0.349,0.051,-0.223,-0.02,-0.251,-0.045,-0.228,0.188,1.0,0.047,-0.242,0.034,-0.1
6,B2_3,-0.3,-0.028,-0.277,0.053,0.131,0.24,-0.112,-0.28,-0.355,0.044,-0.134,0.047,1.0,-0.392,-0.163,0.222
6,y1,0.106,-0.003,0.019,-0.059,-0.192,0.115,0.197,-0.081,0.319,0.037,0.149,-0.242,-0.392,1.0,0.251,0.147
6,y2,-0.013,-0.169,-0.161,0.013,0.148,0.118,-0.023,-0.075,-0.055,0.101,0.052,0.034,-0.163,0.251,1.0,-0.043
6,y3,0.102,-0.251,-0.066,-0.242,-0.111,-0.007,-0.235,-0.11,0.127,0.147,0.17,-0.1,0.222,0.147,-0.043,1.0
7,.,1.0,-0.152,0.083,0.107,-0.503,-0.145,0.063,-0.154,-0.236,0.075,0.294,-0.099,-0.303,0.103,-0.014,0.095
7,A1_1,-0.152,1.0,0.131,0.074,0.056,-0.084,0.236,-0.16,0.195,-0.218,0.073,0.157,-0.027,-0.008,-0.172,-0.254
7,A1_2,0.083,0.131,1.0,0.101,0.045,-0.111,0.58,0.186,0.148,-0.017,0.406,0.126,-0.277,0.02,-0.163,-0.068
7,A1_3,0.107,0.074,0.101,1.0,-0.266,-0.202,0.079,-0.05,-0.033,-0.079,0.062,0.349,0.052,-0.062,0.011,-0.244
7,B1_1,-0.503,0.056,0.045,-0.266,1.0,0.082,0.163,0.073,0.114,0.153,-0.352,0.053,0.132,-0.189,0.148,-0.111
7,B1_2,-0.145,-0.084,-0.111,-0.202,0.082,1.0,0.0,0.189,-0.004,0.343,-0.073,-0.222,0.24,0.117,0.122,-0.005
7,B1_3,0.063,0.236,0.58,0.079,0.163,0.0,1.0,-0.158,0.167,-0.253,0.105,-0.018,-0.11,0.195,-0.026,-0.236
7,A2_1,-0.154,-0.16,0.186,-0.05,0.073,0.189,-0.158,1.0,0.447,0.388,-0.007,-0.252,-0.281,-0.082,-0.076,-0.112
7,A2_2,-0.236,0.195,0.148,-0.033,0.114,-0.004,0.167,0.447,1.0,-0.066,-0.031,-0.046,-0.355,0.317,-0.058,0.125
7,A2_3,0.075,-0.218,-0.017,-0.079,0.153,0.343,-0.253,0.388,-0.066,1.0,-0.045,-0.23,0.041,0.038,0.103,0.147
7,B2_1,0.294,0.073,0.406,0.062,-0.352,-0.073,0.105,-0.007,-0.031,-0.045,1.0,0.19,-0.134,0.147,0.051,0.168
7,B2_2,-0.099,0.157,0.126,0.349,0.053,-0.222,-0.018,-0.252,-0.046,-0.23,0.19,1.0,0.049,-0.245,0.03,-0.103
7,B2_3,-0.303,-0.027,-0.277,0.052,0.132,0.24,-0.11,-0.281,-0.355,0.041,-0.134,0.049,1.0,-0.39,-0.161,0.221
7,y1,0.103,-0.008,0.02,-0.062,-0.189,0.117,0.195,-0.082,0.317,0.038,0.147,-0.245,-0.39,1.0,0.254,0.153
7,y2,-0.014,-0.172,-0.163,0.011,0.148,0.122,-0.026,-0.076,-0.058,0.103,0.051,0.03,-0.161,0.254,1.0,-0.037
7,y3,0.095,-0.254,-0.068,-0.244,-0.111,-0.005,-0.236,-0.112,0.125,0.147,0.168,-0.103,0.221,0.153,-0.037,1.0
8,.,1.0,-0.147,0.085,0.11,-0.506,-0.148,0.062,-0.147,-0.234,0.079,0.293,-0.1,-0.305,0.1,-0.018,0.09
8,A1_1,-0.147,1.0,0.131,0.074,0.055,-0.082,0.237,-0.159,0.196,-0.215,0.077,0.157,-0.028,-0.01,-0.176,-0.255
8,A1_2,0.085,0.131,1.0,0.101,0.044,-0.109,0.581,0.188,0.147,-0.014,0.41,0.126,-0.276,0.02,-0.162,-0.069
8,A1_3,0.11,0.074,0.101,1.0,-0.266,-0.201,0.079,-0.049,-0.031,-0.077,0.066,0.348,0.051,-0.064,0.008,-0.244
8,B1_1,-0.506,0.055,0.044,-0.266,1.0,0.083,0.164,0.07,0.112,0.15,-0.353,0.056,0.134,-0.186,0.15,-0.111
8,B1_2,-0.148,-0.082,-0.109,-0.201,0.083,1.0,0.001,0.189,-0.002,0.341,-0.077,-0.221,0.24,0.119,0.124,-0.002
8,B1_3,0.062,0.237,0.581,0.079,0.164,0.001,1.0,-0.158,0.166,-0.254,0.104,-0.017,-0.109,0.194,-0.027,-0.238
8,A2_1,-0.147,-0.159,0.188,-0.049,0.07,0.189,-0.158,1.0,0.448,0.39,-0.008,-0.254,-0.282,-0.083,-0.077,-0.113
8,A2_2,-0.234,0.196,0.147,-0.031,0.112,-0.002,0.166,0.448,1.0,-0.064,-0.03,-0.047,-0.355,0.316,-0.059,0.123
8,A2_3,0.079,-0.215,-0.014,-0.077,0.15,0.341,-0.254,0.39,-0.064,1.0,-0.049,-0.232,0.038,0.04,0.104,0.148
8,B2_1,0.293,0.077,0.41,0.066,-0.353,-0.077,0.104,-0.008,-0.03,-0.049,1.0,0.192,-0.135,0.146,0.051,0.167
8,B2_2,-0.1,0.157,0.126,0.348,0.056,-0.221,-0.017,-0.254,-0.047,-0.232,0.192,1.0,0.05,-0.248,0.027,-0.106
8,B2_3,-0.305,-0.028,-0.276,0.051,0.134,0.24,-0.109,-0.282,-0.355,0.038,-0.135,0.05,1.0,-0.388,-0.16,0.22
8,y1,0.1,-0.01,0.02,-0.064,-0.186,0.119,0.194,-0.083,0.316,0.04,0.146,-0.248,-0.388,1.0,0.258,0.158
8,y2,-0.018,-0.176,-0.162,0.008,0.15,0.124,-0.027,-0.077,-0.059,0.104,0.051,0.027,-0.16,0.258,1.0,-0.032
8,y3,0.09,-0.255,-0.069,-0.244,-0.111,-0.002,-0.238,-0.113,0.123,0.148,0.167,-0.106,0.22,0.158,-0.032,1.0
9,.,1.0,-0.139,0.087,0.114,-0.508,-0.152,0.063,-0.14,-0.232,0.08,0.291,-0.099,-0.307,0.095,-0.019,0.083
9,A1_1,-0.139,1.0,0.132,0.076,0.054,-0.082,0.236,-0.157,0.197,-0.212,0.08,0.155,-0.029,-0.012,-0.179,-0.257
9,A1_2,0.087,0.132,1.0,0.101,0.043,-0.108,0.581,0.189,0.147,-0.014,0.412,0.126,-0.277,0.021,-0.163,-0.069
9,A1_3,0.114,0.076,0.101,1.0,-0.267,-0.201,0.079,-0.048,-0.029,-0.076,0.067,0.346,0.049,-0.065,0.007,-0.245
9,B1_1,-0.508,0.054,0.043,-0.267,1.0,0.084,0.165,0.068,0.111,0.148,-0.353,0.058,0.136,-0.184,0.151,-0.111
9,B1_2,-0.152,-0.082,-0.108,-0.201,0.084,1.0,0.002,0.188,-0.001,0.34,-0.08,-0.22,0.241,0.119,0.126,-0.001
9,B1_3,0.063,0.236,0.581,0.079,0.165,0.002,1.0,-0.158,0.166,-0.256,0.103,-0.016,-0.107,0.193,-0.027,-0.238
9,A2_1,-0.14,-0.157,0.189,-0.048,0.068,0.188,-0.158,1.0,0.45,0.391,-0.008,-0.254,-0.283,-0.085,-0.079,-0.115
9,A2_2,-0.232,0.197,0.147,-0.029,0.111,-0.001,0.166,0.45,1.0,-0.061,-0.028,-0.048,-0.355,0.314,-0.061,0.122
9,A2_3,0.08,-0.212,-0.014,-0.076,0.148,0.34,-0.256,0.391,-0.061,1.0,-0.053,-0.234,0.035,0.041,0.104,0.149
9,B2_1,0.291,0.08,0.412,0.067,-0.353,-0.08,0.103,-0.008,-0.028,-0.053,1.0,0.193,-0.136,0.145,0.051,0.165
9,B2_2,-0.099,0.155,0.126,0.346,0.058,-0.22,-0.016,-0.254,-0.048,-0.234,0.193,1.0,0.051,-0.249,0.024,-0.107
9,B2_3,-0.307,-0.029,-0.277,0.049,0.136,0.241,-0.107,-0.283,-0.355,0.035,-0.136,0.051,1.0,-0.386,-0.158,0.219
9,y1,0.095,-0.012,0.021,-0.065,-0.184,0.119,0.193,-0.085,0.314,0.041,0.145,-0.249,-0.386,1.0,0.261,0.163
9,y2,-0.019,-0.179,-0.163,0.007,0.151,0.126,-0.027,-0.079,-0.061,0.104,0.051,0.024,-0.158,0.261,1.0,-0.027
9,y3,0.083,-0.257,-0.069,-0.245,-0.111,-0.001,-0.238,-0.115,0.122,0.149,0.165,-0.107,0.219,0.163,-0.027,1.0
10,.,1.0,-0.134,0.089,0.118,-0.511,-0.157,0.063,-0.133,-0.228,0.082,0.292,-0.1,-0.308,0.091,-0.02,0.078
10,A1_1,-0.134,1.0,0.133,0.078,0.053,-0.081,0.236,-0.154,0.197,-0.209,0.083,0.154,-0.03,-0.014,-0.182,-0.257
10,A1_2,0.089,0.133,1.0,0.102,0.041,-0.108,0.58,0.191,0.148,-0.012,0.415,0.125,-0.278,0.02,-0.163,-0.069
10,A1_3,0.118,0.078,0.102,1.0,-0.269,-0.201,0.078,-0.046,-0.027,-0.075,0.068,0.344,0.047,-0.066,0.005,-0.245
10,B1_1,-0.511,0.053,0.041,-0.269,1.0,0.085,0.167,0.066,0.109,0.145,-0.353,0.06,0.138,-0.182,0.151,-0.111
10,B1_2,-0.157,-0.081,-0.108,-0.201,0.085,1.0,0.002,0.188,-0.0,0.338,-0.083,-0.218,0.242,0.12,0.127,0.002
10,B1_3,0.063,0.236,0.58,0.078,0.167,0.002,1.0,-0.158,0.166,-0.256,0.103,-0.014,-0.106,0.192,-0.028,-0.238
10,A2_1,-0.133,-0.154,0.191,-0.046,0.066,0.188,-0.158,1.0,0.452,0.392,-0.009,-0.256,-0.284,-0.086,-0.08,-0.115
10,A2_2,-0.228,0.197,0.148,-0.027,0.109,-0.0,0.166,0.452,1.0,-0.059,-0.026,-0.049,-0.356,0.313,-0.063,0.12
10,A2_3,0.082,-0.209,-0.012,-0.075,0.145,0.338,-0.256,0.392,-0.059,1.0,-0.056,-0.236,0.033,0.041,0.105,0.149
10,B2_1,0.292,0.083,0.415,0.068,-0.353,-0.083,0.103,-0.009,-0.026,-0.056,1.0,0.195,-0.136,0.143,0.051,0.166
10,B2_2,-0.1,0.154,0.125,0.344,0.06,-0.218,-0.014,-0.256,-0.049,-0.236,0.195,1.0,0.052,-0.25,0.022,-0.108
10,B2_3,-0.308,-0.03,-0.278,0.047,0.138,0.242,-0.106,-0.284,-0.356,0.033,-0.136,0.052,1.0,-0.385,-0.156,0.218
10,y1,0.091,-0.014,0.02,-0.066,-0.182,0.12,0.192,-0.086,0.313,0.041,0.143,-0.25,-0.385,1.0,0.264,0.167
10,y2,-0.02,-0.182,-0.163,0.005,0.151,0.127,-0.028,-0.08,-0.063,0.105,0.051,0.022,-0.156,0.264,1.0,-0.022
10,y3,0.078,-0.257,-0.069,-0.245,-0.111,0.002,-0.238,-0.115,0.12,0.149,0.166,-0.108,0.218,0.167,-0.022,1.0
11,.,1.0,-0.129,0.093,0.12,-0.511,-0.16,0.065,-0.126,-0.224,0.085,0.289,-0.101,-0.312,0.087,-0.022,0.07
11,A1_1,-0.129,1.0,0.134,0.079,0.052,-0.081,0.236,-0.153,0.197,-0.206,0.085,0.152,-0.032,-0.016,-0.185,-0.258
11,A1_2,0.093,0.134,1.0,0.102,0.04,-0.108,0.579,0.192,0.148,-0.01,0.417,0.124,-0.278,0.019,-0.164,-0.071
11,A1_3,0.12,0.079,0.102,1.0,-0.271,-0.201,0.078,-0.045,-0.025,-0.071,0.07,0.342,0.045,-0.067,0.003,-0.245
11,B1_1,-0.511,0.052,0.04,-0.271,1.0,0.086,0.168,0.064,0.107,0.143,-0.353,0.062,0.14,-0.18,0.152,-0.111
11,B1_2,-0.16,-0.081,-0.108,-0.201,0.086,1.0,0.003,0.187,0.0,0.336,-0.086,-0.216,0.243,0.121,0.128,0.004
11,B1_3,0.065,0.236,0.579,0.078,0.168,0.003,1.0,-0.159,0.165,-0.257,0.102,-0.013,-0.105,0.191,-0.03,-0.239
11,A2_1,-0.126,-0.153,0.192,-0.045,0.064,0.187,-0.159,1.0,0.453,0.394,-0.009,-0.257,-0.285,-0.088,-0.081,-0.116
11,A2_2,-0.224,0.197,0.148,-0.025,0.107,0.0,0.165,0.453,1.0,-0.056,-0.024,-0.051,-0.358,0.313,-0.064,0.119
11,A2_3,0.085,-0.206,-0.01,-0.071,0.143,0.336,-0.257,0.394,-0.056,1.0,-0.059,-0.237,0.031,0.041,0.105,0.149
11,B2_1,0.289,0.085,0.417,0.07,-0.353,-0.086,0.102,-0.009,-0.024,-0.059,1.0,0.196,-0.135,0.141,0.051,0.166
11,B2_2,-0.101,0.152,0.124,0.342,0.062,-0.216,-0.013,-0.257,-0.051,-0.237,0.196,1.0,0.054,-0.251,0.021,-0.108
11,B2_3,-0.312,-0.032,-0.278,0.045,0.14,0.243,-0.105,-0.285,-0.358,0.031,-0.135,0.054,1.0,-0.383,-0.154,0.218
11,y1,0.087,-0.016,0.019,-0.067,-0.18,0.121,0.191,-0.088,0.313,0.041,0.141,-0.251,-0.383,1.0,0.268,0.171
11,y2,-0.022,-0.185,-0.164,0.003,0.152,0.128,-0.03,-0.081,-0.064,0.105,0.051,0.021,-0.154,0.268,1.0,-0.016
11,y3,0.07,-0.258,-0.071,-0.245,-0.111,0.004,-0.239,-0.116,0.119,0.149,0.166,-0.108,0.218,0.171,-0.016,1.0
12,.,1.0,-0.121,0.095,0.123,-0.513,-0.163,0.066,-0.119,-0.221,0.086,0.286,-0.102,-0.313,0.082,-0.026,0.061
12,A1_1,-0.121,1.0,0.135,0.081,0.05,-0.081,0.235,-0.152,0.197,-0.203,0.088,0.151,-0.033,-0.018,-0.188,-0.259
12,A1_2,0.095,0.135,1.0,0.102,0.039,-0.108,0.579,0.193,0.149,-0.008,0.419,0.123,-0.279,0.019,-0.165,-0.071
12,A1_3,0.123,0.081,0.102,1.0,-0.272,-0.201,0.077,-0.042,-0.023,-0.07,0.07,0.341,0.044,-0.068,0.002,-0.246
12,B1_1,-0.513,0.05,0.039,-0.272,1.0,0.087,0.169,0.061,0.105,0.14,-0.353,0.064,0.141,-0.178,0.152,-0.111
12,B1_2,-0.163,-0.081,-0.108,-0.201,0.087,1.0,0.003,0.186,0.002,0.335,-0.088,-0.215,0.244,0.121,0.129,0.006
12,B1_3,0.066,0.235,0.579,0.077,0.169,0.003,1.0,-0.16,0.165,-0.257,0.102,-0.013,-0.104,0.19,-0.031,-0.239
12,A2_1,-0.119,-0.152,0.193,-0.042,0.061,0.186,-0.16,1.0,0.454,0.397,-0.009,-0.258,-0.286,-0.09,-0.083,-0.117
12,A2_2,-0.221,0.197,0.149,-0.023,0.105,0.002,0.165,0.454,1.0,-0.052,-0.021,-0.053,-0.359,0.313,-0.067,0.117
12,A2_3,0.086,-0.203,-0.008,-0.07,0.14,0.335,-0.257,0.397,-0.052,1.0,-0.062,-0.24,0.028,0.04,0.106,0.147
12,B2_1,0.286,0.088,0.419,0.07,-0.353,-0.088,0.102,-0.009,-0.021,-0.062,1.0,0.197,-0.134,0.14,0.051,0.166
12,B2_2,-0.102,0.151,0.123,0.341,0.064,-0.215,-0.013,-0.258,-0.053,-0.24,0.197,1.0,0.055,-0.252,0.019,-0.11
12,B2_3,-0.313,-0.033,-0.279,0.044,0.141,0.244,-0.104,-0.286,-0.359,0.028,-0.134,0.055,1.0,-0.381,-0.152,0.217
12,y1,0.082,-0.018,0.019,-0.068,-0.178,0.121,0.19,-0.09,0.313,0.04,0.14,-0.252,-0.381,1.0,0.27,0.175
12,y2,-0.026,-0.188,-0.165,0.002,0.152,0.129,-0.031,-0.083,-0.067,0.106,0.051,0.019,-0.152,0.27,1.0,-0.013
12,y3,0.061,-0.259,-0.071,-0.246,-0.111,0.006,-0.239,-0.117,0.117,0.147,0.166,-0.11,0.217,0.175,-0.013,1.0
13,.,1.0,-0.116,0.097,0.126,-0.515,-0.167,0.064,-0.111,-0.217,0.089,0.285,-0.104,-0.315,0.078,-0.028,0.056
13,A1_1,-0.116,1.0,0.135,0.083,0.048,-0.08,0.235,-0.15,0.197,-0.201,0.091,0.149,-0.034,-0.019,-0.192,-0.259
13,A1_2,0.097,0.135,1.0,0.103,0.038,-0.108,0.577,0.195,0.15,-0.006,0.421,0.122,-0.28,0.018,-0.165,-0.071
13,A1_3,0.126,0.083,0.103,1.0,-0.274,-0.201,0.077,-0.04,-0.022,-0.068,0.071,0.338,0.042,-0.069,-0.0,-0.247
13,B1_1,-0.515,0.048,0.038,-0.274,1.0,0.089,0.171,0.059,0.103,0.137,-0.353,0.066,0.143,-0.177,0.151,-0.11
13,B1_2,-0.167,-0.08,-0.108,-0.201,0.089,1.0,0.004,0.185,0.003,0.333,-0.092,-0.213,0.246,0.121,0.13,0.007
13,B1_3,0.064,0.235,0.577,0.077,0.171,0.004,1.0,-0.161,0.164,-0.258,0.1,-0.011,-0.103,0.188,-0.031,-0.239
13,A2_1,-0.111,-0.15,0.195,-0.04,0.059,0.185,-0.161,1.0,0.456,0.4,-0.01,-0.259,-0.287,-0.092,-0.085,-0.118
13,A2_2,-0.217,0.197,0.15,-0.022,0.103,0.003,0.164,0.456,1.0,-0.049,-0.02,-0.055,-0.361,0.312,-0.069,0.117
13,A2_3,0.089,-0.201,-0.006,-0.068,0.137,0.333,-0.258,0.4,-0.049,1.0,-0.066,-0.242,0.025,0.04,0.105,0.145
13,B2_1,0.285,0.091,0.421,0.071,-0.353,-0.092,0.1,-0.01,-0.02,-0.066,1.0,0.199,-0.134,0.139,0.05,0.165
13,B2_2,-0.104,0.149,0.122,0.338,0.066,-0.213,-0.011,-0.259,-0.055,-0.242,0.199,1.0,0.056,-0.252,0.017,-0.11
13,B2_3,-0.315,-0.034,-0.28,0.042,0.143,0.246,-0.103,-0.287,-0.361,0.025,-0.134,0.056,1.0,-0.379,-0.151,0.215
13,y1,0.078,-0.019,0.018,-0.069,-0.177,0.121,0.188,-0.092,0.312,0.04,0.139,-0.252,-0.379,1.0,0.273,0.18
13,y2,-0.028,-0.192,-0.165,-0.0,0.151,0.13,-0.031,-0.085,-0.069,0.105,0.05,0.017,-0.151,0.273,1.0,-0.008
13,y3,0.056,-0.259,-0.071,-0.247,-0.11,0.007,-0.239,-0.118,0.117,0.145,0.165,-0.11,0.215,0.18,-0.008,1.0
14,.,1.0,-0.111,0.1,0.129,-0.516,-0.171,0.064,-0.105,-0.213,0.09,0.282,-0.107,-0.318,0.074,-0.031,0.049
14,A1_1,-0.111,1.0,0.137,0.085,0.046,-0.08,0.234,-0.147,0.198,-0.198,0.092,0.147,-0.036,-0.02,-0.193,-0.26
14,A1_2,0.1,0.137,1.0,0.103,0.037,-0.108,0.577,0.197,0.15,-0.005,0.423,0.122,-0.28,0.017,-0.166,-0.072
14,A1_3,0.129,0.085,0.103,1.0,-0.275,-0.202,0.076,-0.039,-0.02,-0.067,0.071,0.337,0.041,-0.07,-0.001,-0.248
14,B1_1,-0.516,0.046,0.037,-0.275,1.0,0.09,0.172,0.056,0.101,0.134,-0.352,0.068,0.144,-0.176,0.151,-0.11
14,B1_2,-0.171,-0.08,-0.108,-0.202,0.09,1.0,0.004,0.185,0.004,0.331,-0.093,-0.211,0.247,0.121,0.13,0.009
14,B1_3,0.064,0.234,0.577,0.076,0.172,0.004,1.0,-0.161,0.164,-0.259,0.1,-0.01,-0.102,0.186,-0.032,-0.239
14,A2_1,-0.105,-0.147,0.197,-0.039,0.056,0.185,-0.161,1.0,0.458,0.401,-0.011,-0.26,-0.288,-0.093,-0.087,-0.118
14,A2_2,-0.213,0.198,0.15,-0.02,0.101,0.004,0.164,0.458,1.0,-0.046,-0.018,-0.057,-0.362,0.311,-0.072,0.116
14,A2_3,0.09,-0.198,-0.005,-0.067,0.134,0.331,-0.259,0.401,-0.046,1.0,-0.068,-0.243,0.023,0.039,0.105,0.145
14,B2_1,0.282,0.092,0.423,0.071,-0.352,-0.093,0.1,-0.011,-0.018,-0.068,1.0,0.2,-0.133,0.138,0.05,0.165
14,B2_2,-0.107,0.147,0.122,0.337,0.068,-0.211,-0.01,-0.26,-0.057,-0.243,0.2,1.0,0.057,-0.251,0.016,-0.112
14,B2_3,-0.318,-0.036,-0.28,0.041,0.144,0.247,-0.102,-0.288,-0.362,0.023,-0.133,0.057,1.0,-0.378,-0.149,0.214
14,y1,0.074,-0.02,0.017,-0.07,-0.176,0.121,0.186,-0.093,0.311,0.039,0.138,-0.251,-0.378,1.0,0.276,0.185
14,y2,-0.031,-0.193,-0.166,-0.001,0.151,0.13,-0.032,-0.087,-0.072,0.105,0.05,0.016,-0.149,0.276,1.0,-0.003
14,y3,0.049,-0.26,-0.072,-0.248,-0.11,0.009,-0.239,-0.118,0.116,0.145,0.165,-0.112,0.214,0.185,-0.003,1.0
15,.,1.0,-0.107,0.103,0.131,-0.516,-0.174,0.065,-0.1,-0.212,0.091,0.279,-0.108,-0.319,0.069,-0.035,0.043
15,A1_1,-0.107,1.0,0.138,0.086,0.045,-0.08,0.233,-0.146,0.199,-0.196,0.094,0.146,-0.037,-0.022,-0.196,-0.26
15,A1_2,0.103,0.138,1.0,0.105,0.036,-0.108,0.576,0.199,0.151,-0.002,0.425,0.122,-0.28,0.017,-0.166,-0.072
15,A1_3,0.131,0.086,0.105,1.0,-0.276,-0.202,0.075,-0.037,-0.019,-0.065,0.071,0.335,0.039,-0.071,-0.002,-0.248
15,B1_1,-0.516,0.045,0.036,-0.276,1.0,0.091,0.172,0.055,0.1,0.132,-0.351,0.07,0.145,-0.176,0.15,-0.109
15,B1_2,-0.174,-0.08,-0.108,-0.202,0.091,1.0,0.005,0.184,0.004,0.33,-0.095,-0.209,0.248,0.121,0.13,0.01
15,B1_3,0.065,0.233,0.576,0.075,0.172,0.005,1.0,-0.162,0.164,-0.26,0.1,-0.009,-0.102,0.185,-0.034,-0.239
15,A2_1,-0.1,-0.146,0.199,-0.037,0.055,0.184,-0.162,1.0,0.459,0.402,-0.012,-0.261,-0.29,-0.093,-0.088,-0.119
15,A2_2,-0.212,0.199,0.151,-0.019,0.1,0.004,0.164,0.459,1.0,-0.044,-0.018,-0.059,-0.364,0.311,-0.073,0.115
15,A2_3,0.091,-0.196,-0.002,-0.065,0.132,0.33,-0.26,0.402,-0.044,1.0,-0.071,-0.244,0.022,0.038,0.105,0.145
15,B2_1,0.279,0.094,0.425,0.071,-0.351,-0.095,0.1,-0.012,-0.018,-0.071,1.0,0.202,-0.132,0.137,0.05,0.164
15,B2_2,-0.108,0.146,0.122,0.335,0.07,-0.209,-0.009,-0.261,-0.059,-0.244,0.202,1.0,0.058,-0.251,0.016,-0.112
15,B2_3,-0.319,-0.037,-0.28,0.039,0.145,0.248,-0.102,-0.29,-0.364,0.022,-0.132,0.058,1.0,-0.376,-0.147,0.213
15,y1,0.069,-0.022,0.017,-0.071,-0.176,0.121,0.185,-0.093,0.311,0.038,0.137,-0.251,-0.376,1.0,0.278,0.189
15,y2,-0.035,-0.196,-0.166,-0.002,0.15,0.13,-0.034,-0.088,-0.073,0.105,0.05,0.016,-0.147,0.278,1.0,0.002
15,y3,0.043,-0.26,-0.072,-0.248,-0.109,0.01,-0.239,-0.119,0.115,0.145,0.164,-0.112,0.213,0.189,0.002,1.0
16,.,1.0,-0.104,0.105,0.132,-0.516,-0.176,0.064,-0.093,-0.209,0.094,0.277,-0.11,-0.319,0.066,-0.037,0.037
16,A1_1,-0.104,1.0,0.138,0.089,0.043,-0.08,0.232,-0.143,0.2,-0.193,0.094,0.145,-0.038,-0.024,-0.197,-0.26
16,A1_2,0.105,0.138,1.0,0.106,0.035,-0.109,0.575,0.2,0.152,-0.001,0.426,0.121,-0.281,0.017,-0.168,-0.072
16,A1_3,0.132,0.089,0.106,1.0,-0.277,-0.203,0.074,-0.034,-0.017,-0.064,0.072,0.333,0.038,-0.072,-0.002,-0.248
16,B1_1,-0.516,0.043,0.035,-0.277,1.0,0.092,0.173,0.053,0.098,0.131,-0.35,0.072,0.146,-0.174,0.149,-0.108
16,B1_2,-0.176,-0.08,-0.109,-0.203,0.092,1.0,0.005,0.184,0.005,0.329,-0.096,-0.208,0.249,0.121,0.13,0.012
16,B1_3,0.064,0.232,0.575,0.074,0.173,0.005,1.0,-0.162,0.163,-0.261,0.1,-0.008,-0.101,0.185,-0.036,-0.239
16,A2_1,-0.093,-0.143,0.2,-0.034,0.053,0.184,-0.162,1.0,0.46,0.404,-0.011,-0.263,-0.29,-0.095,-0.089,-0.119
16,A2_2,-0.209,0.2,0.152,-0.017,0.098,0.005,0.163,0.46,1.0,-0.042,-0.017,-0.06,-0.365,0.31,-0.074,0.116
16,A2_3,0.094,-0.193,-0.001,-0.064,0.131,0.329,-0.261,0.404,-0.042,1.0,-0.074,-0.245,0.02,0.038,0.104,0.144
16,B2_1,0.277,0.094,0.426,0.072,-0.35,-0.096,0.1,-0.011,-0.017,-0.074,1.0,0.203,-0.132,0.137,0.05,0.163
16,B2_2,-0.11,0.145,0.121,0.333,0.072,-0.208,-0.008,-0.263,-0.06,-0.245,0.203,1.0,0.059,-0.25,0.017,-0.111
16,B2_3,-0.319,-0.038,-0.281,0.038,0.146,0.249,-0.101,-0.29,-0.365,0.02,-0.132,0.059,1.0,-0.374,-0.145,0.212
16,y1,0.066,-0.024,0.017,-0.072,-0.174,0.121,0.185,-0.095,0.31,0.038,0.137,-0.25,-0.374,1.0,0.28,0.192
16,y2,-0.037,-0.197,-0.168,-0.002,0.149,0.13,-0.036,-0.089,-0.074,0.104,0.05,0.017,-0.145,0.28,1.0,0.006
16,y3,0.037,-0.26,-0.072,-0.248,-0.108,0.012,-0.239,-0.119,0.116,0.144,0.163,-0.111,0.212,0.192,0.006,1.0
17,.,1.0,-0.101,0.106,0.134,-0.516,-0.178,0.064,-0.087,-0.207,0.094,0.274,-0.112,-0.322,0.064,-0.039,0.03
17,A1_1,-0.101,1.0,0.139,0.09,0.041,-0.081,0.231,-0.141,0.201,-0.19,0.095,0.143,-0.04,-0.024,-0.199,-0.26
17,A1_2,0.106,0.139,1.0,0.107,0.034,-0.109,0.574,0.201,0.153,-0.0,0.428,0.121,-0.281,0.016,-0.168,-0.073
17,A1_3,0.134,0.09,0.107,1.0,-0.279,-0.203,0.074,-0.032,-0.015,-0.062,0.072,0.331,0.037,-0.072,-0.003,-0.248
17,B1_1,-0.516,0.041,0.034,-0.279,1.0,0.092,0.174,0.051,0.097,0.13,-0.349,0.073,0.147,-0.174,0.149,-0.108
17,B1_2,-0.178,-0.081,-0.109,-0.203,0.092,1.0,0.005,0.184,0.005,0.328,-0.097,-0.207,0.249,0.121,0.13,0.013
17,B1_3,0.064,0.231,0.574,0.074,0.174,0.005,1.0,-0.162,0.163,-0.261,0.1,-0.008,-0.1,0.183,-0.037,-0.239
17,A2_1,-0.087,-0.141,0.201,-0.032,0.051,0.184,-0.162,1.0,0.462,0.406,-0.013,-0.264,-0.291,-0.096,-0.091,-0.12
17,A2_2,-0.207,0.201,0.153,-0.015,0.097,0.005,0.163,0.462,1.0,-0.04,-0.016,-0.061,-0.366,0.309,-0.078,0.115
17,A2_3,0.094,-0.19,-0.0,-0.062,0.13,0.328,-0.261,0.406,-0.04,1.0,-0.076,-0.246,0.019,0.037,0.104,0.143
17,B2_1,0.274,0.095,0.428,0.072,-0.349,-0.097,0.1,-0.013,-0.016,-0.076,1.0,0.204,-0.131,0.137,0.051,0.162
17,B2_2,-0.112,0.143,0.121,0.331,0.073,-0.207,-0.008,-0.264,-0.061,-0.246,0.204,1.0,0.06,-0.249,0.017,-0.111
17,B2_3,-0.322,-0.04,-0.281,0.037,0.147,0.249,-0.1,-0.291,-0.366,0.019,-0.131,0.06,1.0,-0.373,-0.143,0.212
17,y1,0.064,-0.024,0.016,-0.072,-0.174,0.121,0.183,-0.096,0.309,0.037,0.137,-0.249,-0.373,1.0,0.282,0.195
17,y2,-0.039,-0.199,-0.168,-0.003,0.149,0.13,-0.037,-0.091,-0.078,0.104,0.051,0.017,-0.143,0.282,1.0,0.01
17,y3,0.03,-0.26,-0.073,-0.248,-0.108,0.013,-0.239,-0.12,0.115,0.143,0.162,-0.111,0.212,0.195,0.01,1.0
18,.,1.0,-0.097,0.108,0.136,-0.517,-0.178,0.065,-0.083,-0.204,0.096,0.272,-0.113,-0.323,0.062,-0.04,0.025
18,A1_1,-0.097,1.0,0.14,0.092,0.04,-0.081,0.23,-0.14,0.201,-0.187,0.096,0.142,-0.04,-0.024,-0.2,-0.26
18,A1_2,0.108,0.14,1.0,0.107,0.033,-0.109,0.573,0.202,0.153,0.001,0.429,0.121,-0.281,0.015,-0.169,-0.073
18,A1_3,0.136,0.092,0.107,1.0,-0.28,-0.204,0.073,-0.031,-0.014,-0.061,0.072,0.33,0.036,-0.073,-0.004,-0.249
18,B1_1,-0.517,0.04,0.033,-0.28,1.0,0.093,0.175,0.05,0.095,0.127,-0.348,0.074,0.148,-0.173,0.148,-0.106
18,B1_2,-0.178,-0.081,-0.109,-0.204,0.093,1.0,0.006,0.183,0.006,0.327,-0.098,-0.206,0.25,0.122,0.13,0.015
18,B1_3,0.065,0.23,0.573,0.073,0.175,0.006,1.0,-0.163,0.163,-0.262,0.099,-0.007,-0.1,0.182,-0.038,-0.239
18,A2_1,-0.083,-0.14,0.202,-0.031,0.05,0.183,-0.163,1.0,0.463,0.407,-0.014,-0.265,-0.292,-0.098,-0.093,-0.121
18,A2_2,-0.204,0.201,0.153,-0.014,0.095,0.006,0.163,0.463,1.0,-0.038,-0.015,-0.062,-0.367,0.309,-0.081,0.114
18,A2_3,0.096,-0.187,0.001,-0.061,0.127,0.327,-0.262,0.407,-0.038,1.0,-0.078,-0.247,0.018,0.036,0.103,0.144
18,B2_1,0.272,0.096,0.429,0.072,-0.348,-0.098,0.099,-0.014,-0.015,-0.078,1.0,0.206,-0.13,0.136,0.05,0.161
18,B2_2,-0.113,0.142,0.121,0.33,0.074,-0.206,-0.007,-0.265,-0.062,-0.247,0.206,1.0,0.061,-0.247,0.017,-0.112
18,B2_3,-0.323,-0.04,-0.281,0.036,0.148,0.25,-0.1,-0.292,-0.367,0.018,-0.13,0.061,1.0,-0.372,-0.141,0.213
18,y1,0.062,-0.024,0.015,-0.073,-0.173,0.122,0.182,-0.098,0.309,0.036,0.136,-0.247,-0.372,1.0,0.283,0.197
18,y2,-0.04,-0.2,-0.169,-0.004,0.148,0.13,-0.038,-0.093,-0.081,0.103,0.05,0.017,-0.141,0.283,1.0,0.013
18,y3,0.025,-0.26,-0.073,-0.249,-0.106,0.015,-0.239,-0.121,0.114,0.144,0.161,-0.112,0.213,0.197,0.013,1.0
19,.,1.0,-0.096,0.11,0.138,-0.518,-0.181,0.065,-0.078,-0.201,0.099,0.27,-0.116,-0.324,0.058,-0.042,0.022
19,A1_1,-0.096,1.0,0.14,0.093,0.038,-0.082,0.23,-0.139,0.202,-0.186,0.097,0.141,-0.042,-0.024,-0.203,-0.26
19,A1_2,0.11,0.14,1.0,0.109,0.032,-0.11,0.572,0.202,0.154,0.002,0.431,0.121,-0.281,0.014,-0.169,-0.073
19,A1_3,0.138,0.093,0.109,1.0,-0.282,-0.204,0.073,-0.03,-0.013,-0.06,0.072,0.329,0.034,-0.073,-0.005,-0.249
19,B1_1,-0.518,0.038,0.032,-0.282,1.0,0.094,0.175,0.049,0.094,0.126,-0.346,0.075,0.149,-0.172,0.148,-0.106
19,B1_2,-0.181,-0.082,-0.11,-0.204,0.094,1.0,0.006,0.183,0.007,0.326,-0.099,-0.205,0.25,0.122,0.13,0.016
19,B1_3,0.065,0.23,0.572,0.073,0.175,0.006,1.0,-0.163,0.162,-0.262,0.1,-0.006,-0.099,0.182,-0.038,-0.239
19,A2_1,-0.078,-0.139,0.202,-0.03,0.049,0.183,-0.163,1.0,0.465,0.408,-0.015,-0.265,-0.292,-0.099,-0.095,-0.121
19,A2_2,-0.201,0.202,0.154,-0.013,0.094,0.007,0.162,0.465,1.0,-0.036,-0.016,-0.063,-0.368,0.308,-0.084,0.113
19,A2_3,0.099,-0.186,0.002,-0.06,0.126,0.326,-0.262,0.408,-0.036,1.0,-0.081,-0.247,0.017,0.036,0.104,0.144
19,B2_1,0.27,0.097,0.431,0.072,-0.346,-0.099,0.1,-0.015,-0.016,-0.081,1.0,0.209,-0.129,0.135,0.049,0.159
19,B2_2,-0.116,0.141,0.121,0.329,0.075,-0.205,-0.006,-0.265,-0.063,-0.247,0.209,1.0,0.061,-0.247,0.016,-0.113
19,B2_3,-0.324,-0.042,-0.281,0.034,0.149,0.25,-0.099,-0.292,-0.368,0.017,-0.129,0.061,1.0,-0.371,-0.139,0.212
19,y1,0.058,-0.024,0.014,-0.073,-0.172,0.122,0.182,-0.099,0.308,0.036,0.135,-0.247,-0.371,1.0,0.285,0.2
19,y2,-0.042,-0.203,-0.169,-0.005,0.148,0.13,-0.038,-0.095,-0.084,0.104,0.049,0.016,-0.139,0.285,1.0,0.017
19,y3,0.022,-0.26,-0.073,-0.249,-0.106,0.016,-0.239,-0.121,0.113,0.144,0.159,-0.113,0.212,0.2,0.017,1.0
20,.,1.0,-0.093,0.111,0.139,-0.517,-0.181,0.065,-0.073,-0.199,0.101,0.267,-0.116,-0.325,0.058,-0.042,0.019
20,A1_1,-0.093,1.0,0.141,0.096,0.037,-0.082,0.23,-0.137,0.203,-0.184,0.098,0.14,-0.043,-0.025,-0.204,-0.26
20,A1_2,0.111,0.141,1.0,0.108,0.031,-0.109,0.572,0.203,0.155,0.004,0.432,0.12,-0.282,0.014,-0.17,-0.073
20,A1_3,0.139,0.096,0.108,1.0,-0.283,-0.203,0.072,-0.027,-0.01,-0.056,0.071,0.327,0.033,-0.073,-0.007,-0.249
20,B1_1,-0.517,0.037,0.031,-0.283,1.0,0.094,0.176,0.048,0.094,0.124,-0.345,0.076,0.15,-0.172,0.147,-0.105
20,B1_2,-0.181,-0.082,-0.109,-0.203,0.094,1.0,0.006,0.183,0.007,0.325,-0.1,-0.204,0.251,0.121,0.13,0.016
20,B1_3,0.065,0.23,0.572,0.072,0.176,0.006,1.0,-0.164,0.162,-0.262,0.1,-0.006,-0.099,0.182,-0.039,-0.238
20,A2_1,-0.073,-0.137,0.203,-0.027,0.048,0.183,-0.164,1.0,0.467,0.409,-0.016,-0.266,-0.292,-0.1,-0.097,-0.121
20,A2_2,-0.199,0.203,0.155,-0.01,0.094,0.007,0.162,0.467,1.0,-0.034,-0.015,-0.064,-0.368,0.307,-0.085,0.113
20,A2_3,0.101,-0.184,0.004,-0.056,0.124,0.325,-0.262,0.409,-0.034,1.0,-0.082,-0.248,0.016,0.035,0.103,0.143
20,B2_1,0.267,0.098,0.432,0.071,-0.345,-0.1,0.1,-0.016,-0.015,-0.082,1.0,0.21,-0.129,0.134,0.049,0.158
20,B2_2,-0.116,0.14,0.12,0.327,0.076,-0.204,-0.006,-0.266,-0.064,-0.248,0.21,1.0,0.062,-0.247,0.016,-0.112
20,B2_3,-0.325,-0.043,-0.282,0.033,0.15,0.251,-0.099,-0.292,-0.368,0.016,-0.129,0.062,1.0,-0.37,-0.139,0.212
20,y1,0.058,-0.025,0.014,-0.073,-0.172,0.121,0.182,-0.1,0.307,0.035,0.134,-0.247,-0.37,1.0,0.286,0.202
20,y2,-0.042,-0.204,-0.17,-0.007,0.147,0.13,-0.039,-0.097,-0.085,0.103,0.049,0.016,-0.139,0.286,1.0,0.02
20,y3,0.019,-0.26,-0.073,-0.249,-0.105,0.016,-0.238,-0.121,0.113,0.143,0.158,-0.112,0.212,0.202,0.02,1.0
21,.,1.0,-0.09,0.113,0.139,-0.517,-0.184,0.067,-0.072,-0.197,0.1,0.265,-0.117,-0.325,0.057,-0.043,0.017
21,A1_1,-0.09,1.0,0.142,0.097,0.037,-0.083,0.229,-0.135,0.203,-0.183,0.098,0.14,-0.043,-0.026,-0.206,-0.26
21,A1_2,0.113,0.142,1.0,0.108,0.03,-0.109,0.571,0.204,0.155,0.004,0.432,0.12,-0.283,0.014,-0.171,-0.074
21,A1_3,0.139,0.097,0.108,1.0,-0.283,-0.202,0.072,-0.024,-0.01,-0.055,0.07,0.326,0.033,-0.073,-0.007,-0.249
21,B1_1,-0.517,0.037,0.03,-0.283,1.0,0.095,0.176,0.048,0.092,0.123,-0.344,0.077,0.15,-0.171,0.147,-0.105
21,B1_2,-0.184,-0.083,-0.109,-0.202,0.095,1.0,0.006,0.184,0.007,0.324,-0.101,-0.203,0.251,0.121,0.13,0.018
21,B1_3,0.067,0.229,0.571,0.072,0.176,0.006,1.0,-0.163,0.162,-0.262,0.1,-0.005,-0.099,0.182,-0.04,-0.239
21,A2_1,-0.072,-0.135,0.204,-0.024,0.048,0.184,-0.163,1.0,0.468,0.411,-0.017,-0.266,-0.293,-0.101,-0.097,-0.121
21,A2_2,-0.197,0.203,0.155,-0.01,0.092,0.007,0.162,0.468,1.0,-0.033,-0.016,-0.065,-0.369,0.307,-0.086,0.113
21,A2_3,0.1,-0.183,0.004,-0.055,0.123,0.324,-0.262,0.411,-0.033,1.0,-0.084,-0.249,0.015,0.033,0.103,0.144
21,B2_1,0.265,0.098,0.432,0.07,-0.344,-0.101,0.1,-0.017,-0.016,-0.084,1.0,0.211,-0.128,0.133,0.05,0.157
21,B2_2,-0.117,0.14,0.12,0.326,0.077,-0.203,-0.005,-0.266,-0.065,-0.249,0.211,1.0,0.062,-0.246,0.017,-0.113
21,B2_3,-0.325,-0.043,-0.283,0.033,0.15,0.251,-0.099,-0.293,-0.369,0.015,-0.128,0.062,1.0,-0.369,-0.137,0.212
21,y1,0.057,-0.026,0.014,-0.073,-0.171,0.121,0.182,-0.101,0.307,0.033,0.133,-0.246,-0.369,1.0,0.287,0.203
21,y2,-0.043,-0.206,-0.171,-0.007,0.147,0.13,-0.04,-0.097,-0.086,0.103,0.05,0.017,-0.137,0.287,1.0,0.022
21,y3,0.017,-0.26,-0.074,-0.249,-0.105,0.018,-0.239,-0.121,0.113,0.144,0.157,-0.113,0.212,0.203,0.022,1.0
22,.,1.0,-0.088,0.113,0.14,-0.516,-0.185,0.066,-0.068,-0.196,0.102,0.263,-0.117,-0.325,0.056,-0.044,0.013
22,A1_1,-0.088,1.0,0.142,0.098,0.036,-0.082,0.229,-0.134,0.204,-0.182,0.097,0.139,-0.043,-0.026,-0.206,-0.26
22,A1_2,0.113,0.142,1.0,0.109,0.03,-0.109,0.571,0.205,0.156,0.005,0.433,0.119,-0.283,0.014,-0.172,-0.074
22,A1_3,0.14,0.098,0.109,1.0,-0.284,-0.202,0.071,-0.023,-0.008,-0.054,0.07,0.325,0.032,-0.072,-0.007,-0.249
22,B1_1,-0.516,0.036,0.03,-0.284,1.0,0.096,0.176,0.047,0.091,0.123,-0.343,0.077,0.151,-0.172,0.146,-0.104
22,B1_2,-0.185,-0.082,-0.109,-0.202,0.096,1.0,0.007,0.183,0.008,0.323,-0.101,-0.202,0.252,0.121,0.13,0.018
22,B1_3,0.066,0.229,0.571,0.071,0.176,0.007,1.0,-0.162,0.161,-0.263,0.1,-0.005,-0.098,0.181,-0.041,-0.238
22,A2_1,-0.068,-0.134,0.205,-0.023,0.047,0.183,-0.162,1.0,0.47,0.412,-0.019,-0.267,-0.293,-0.102,-0.099,-0.121
22,A2_2,-0.196,0.204,0.156,-0.008,0.091,0.008,0.161,0.47,1.0,-0.031,-0.015,-0.066,-0.37,0.306,-0.087,0.113
22,A2_3,0.102,-0.182,0.005,-0.054,0.123,0.323,-0.263,0.412,-0.031,1.0,-0.085,-0.25,0.015,0.033,0.103,0.143
22,B2_1,0.263,0.097,0.433,0.07,-0.343,-0.101,0.1,-0.019,-0.015,-0.085,1.0,0.212,-0.128,0.134,0.049,0.156
22,B2_2,-0.117,0.139,0.119,0.325,0.077,-0.202,-0.005,-0.267,-0.066,-0.25,0.212,1.0,0.063,-0.245,0.017,-0.113
22,B2_3,-0.325,-0.043,-0.283,0.032,0.151,0.252,-0.098,-0.293,-0.37,0.015,-0.128,0.063,1.0,-0.369,-0.136,0.212
22,y1,0.056,-0.026,0.014,-0.072,-0.172,0.121,0.181,-0.102,0.306,0.033,0.134,-0.245,-0.369,1.0,0.288,0.206
22,y2,-0.044,-0.206,-0.172,-0.007,0.146,0.13,-0.041,-0.099,-0.087,0.103,0.049,0.017,-0.136,0.288,1.0,0.023
22,y3,0.013,-0.26,-0.074,-0.249,-0.104,0.018,-0.238,-0.121,0.113,0.143,0.156,-0.113,0.212,0.206,0.023,1.0
23,.,1.0,-0.086,0.114,0.14,-0.516,-0.186,0.066,-0.065,-0.194,0.103,0.262,-0.118,-0.324,0.054,-0.047,0.011
23,A1_1,-0.086,1.0,0.142,0.099,0.035,-0.083,0.228,-0.134,0.205,-0.182,0.098,0.138,-0.044,-0.027,-0.207,-0.26
23,A1_2,0.114,0.142,1.0,0.109,0.029,-0.109,0.571,0.206,0.156,0.006,0.434,0.119,-0.283,0.014,-0.173,-0.074
23,A1_3,0.14,0.099,0.109,1.0,-0.285,-0.203,0.072,-0.022,-0.006,-0.054,0.07,0.324,0.031,-0.074,-0.008,-0.25
23,B1_1,-0.516,0.035,0.029,-0.285,1.0,0.096,0.176,0.046,0.09,0.122,-0.342,0.078,0.151,-0.171,0.147,-0.104
23,B1_2,-0.186,-0.083,-0.109,-0.203,0.096,1.0,0.007,0.182,0.008,0.323,-0.102,-0.202,0.252,0.121,0.131,0.019
23,B1_3,0.066,0.228,0.571,0.072,0.176,0.007,1.0,-0.162,0.16,-0.263,0.1,-0.005,-0.098,0.181,-0.042,-0.238
