,,.,A1_1,A1_2,A1_3,B1_1,B1_2,B1_3,A2_1,A2_2,A2_3,B2_1,B2_2,B2_3,y1,y2,y3
0,.,1.0,0.814,0.706,0.857,0.813,0.856,0.762,0.885,0.907,0.926,0.92,0.928,0.88,0.907,0.927,0.937
0,A1_1,0.814,1.0,0.862,0.898,0.87,0.9,0.911,0.832,0.855,0.815,0.775,0.737,0.801,0.756,0.803,0.8
0,A1_2,0.706,0.862,1.0,0.898,0.893,0.823,0.939,0.712,0.701,0.737,0.628,0.613,0.603,0.731,0.726,0.682
0,A1_3,0.857,0.898,0.898,1.0,0.876,0.923,0.9,0.865,0.859,0.888,0.786,0.788,0.816,0.856,0.886,0.863
0,B1_1,0.813,0.87,0.893,0.876,1.0,0.856,0.919,0.799,0.786,0.808,0.713,0.743,0.735,0.731,0.807,0.769
0,B1_2,0.856,0.9,0.823,0.923,0.856,1.0,0.876,0.895,0.895,0.879,0.862,0.785,0.891,0.849,0.895,0.875
0,B1_3,0.762,0.911,0.939,0.9,0.919,0.876,1.0,0.754,0.777,0.743,0.692,0.697,0.707,0.759,0.775,0.746
0,A2_1,0.885,0.832,0.712,0.865,0.799,0.895,0.754,1.0,0.962,0.938,0.879,0.868,0.859,0.826,0.885,0.904
0,A2_2,0.907,0.855,0.701,0.859,0.786,0.895,0.777,0.962,1.0,0.944,0.866,0.872,0.864,0.871,0.903,0.92
0,A2_3,0.926,0.815,0.737,0.888,0.808,0.879,0.743,0.938,0.944,1.0,0.877,0.854,0.853,0.898,0.934,0.935
0,B2_1,0.92,0.775,0.628,0.786,0.713,0.862,0.692,0.879,0.866,0.877,1.0,0.916,0.914,0.853,0.904,0.895
0,B2_2,0.928,0.737,0.613,0.788,0.743,0.785,0.697,0.868,0.872,0.854,0.916,1.0,0.861,0.859,0.867,0.924
0,B2_3,0.88,0.801,0.603,0.816,0.735,0.891,0.707,0.859,0.864,0.853,0.914,0.861,1.0,0.798,0.9,0.896
0,y1,0.907,0.756,0.731,0.856,0.731,0.849,0.759,0.826,0.871,0.898,0.853,0.859,0.798,1.0,0.917,0.914
0,y2,0.927,0.803,0.726,0.886,0.807,0.895,0.775,0.885,0.903,0.934,0.904,0.867,0.9,0.917,1.0,0.916
0,y3,0.937,0.8,0.682,0.863,0.769,0.875,0.746,0.904,0.92,0.935,0.895,0.924,0.896,0.914,0.916,1.0
1,.,1.0,0.875,0.885,0.917,0.891,0.9,0.917,0.933,0.925,0.921,0.93,0.94,0.918,0.97,0.957,0.978
1,A1_1,0.875,1.0,0.919,0.904,0.873,0.905,0.927,0.88,0.941,0.818,0.846,0.857,0.861,0.873,0.882,0.865
1,A1_2,0.885,0.919,1.0,0.957,0.869,0.858,0.947,0.856,0.884,0.818,0.82,0.816,0.792,0.88,0.906,0.877
1,A1_3,0.917,0.904,0.957,1.0,0.886,0.838,0.917,0.877,0.879,0.832,0.835,0.863,0.852,0.897,0.923,0.914
1,B1_1,0.891,0.873,0.869,0.886,1.0,0.816,0.904,0.814,0.885,0.755,0.747,0.851,0.823,0.881,0.908,0.913
1,B1_2,0.9,0.905,0.858,0.838,0.816,1.0,0.917,0.93,0.943,0.889,0.919,0.883,0.907,0.932,0.921,0.899
1,B1_3,0.917,0.927,0.947,0.917,0.904,0.917,1.0,0.869,0.916,0.824,0.835,0.866,0.847,0.933,0.926,0.905
1,A2_1,0.933,0.88,0.856,0.877,0.814,0.93,0.869,1.0,0.917,0.96,0.952,0.903,0.925,0.932,0.938,0.916
1,A2_2,0.925,0.941,0.884,0.879,0.885,0.943,0.916,0.917,1.0,0.863,0.895,0.927,0.906,0.914,0.913,0.928
1,A2_3,0.921,0.818,0.818,0.832,0.755,0.889,0.824,0.96,0.863,1.0,0.972,0.901,0.912,0.909,0.904,0.885
1,B2_1,0.93,0.846,0.82,0.835,0.747,0.919,0.835,0.952,0.895,0.972,1.0,0.925,0.923,0.92,0.91,0.914
1,B2_2,0.94,0.857,0.816,0.863,0.851,0.883,0.866,0.903,0.927,0.901,0.925,1.0,0.962,0.902,0.893,0.939
1,B2_3,0.918,0.861,0.792,0.852,0.823,0.907,0.847,0.925,0.906,0.912,0.923,0.962,1.0,0.888,0.886,0.911
1,y1,0.97,0.873,0.88,0.897,0.881,0.932,0.933,0.932,0.914,0.909,0.92,0.902,0.888,1.0,0.967,0.959
1,y2,0.957,0.882,0.906,0.923,0.908,0.921,0.926,0.938,0.913,0.904,0.91,0.893,0.886,0.967,1.0,0.957
1,y3,0.978,0.865,0.877,0.914,0.913,0.899,0.905,0.916,0.928,0.885,0.914,0.939,0.911,0.959,0.957,1.0
2,.,1.0,0.91,0.93,0.962,0.924,0.912,0.941,0.941,0.957,0.965,0.966,0.959,0.927,0.97,0.968,0.982
2,A1_1,0.91,1.0,0.944,0.935,0.901,0.938,0.944,0.908,0.95,0.9,0.902,0.898,0.898,0.907,0.908,0.898
2,A1_2,0.93,0.944,1.0,0.968,0.928,0.916,0.967,0.891,0.916,0.915,0.892,0.873,0.849,0.933,0.937,0.921
2,A1_3,0.962,0.935,0.968,1.0,0.947,0.895,0.958,0.906,0.937,0.928,0.91,0.924,0.885,0.948,0.957,0.952
2,B1_1,0.924,0.901,0.928,0.947,1.0,0.907,0.943,0.852,0.921,0.9,0.85,0.908,0.865,0.929,0.967,0.954
2,B1_2,0.912,0.938,0.916,0.895,0.907,1.0,0.948,0.915,0.941,0.917,0.919,0.885,0.892,0.951,0.94,0.914
2,B1_3,0.941,0.944,0.967,0.958,0.943,0.948,1.0,0.887,0.934,0.911,0.9,0.908,0.887,0.956,0.951,0.933
2,A2_1,0.941,0.908,0.891,0.906,0.852,0.915,0.887,1.0,0.948,0.957,0.979,0.922,0.935,0.926,0.925,0.917
2,A2_2,0.957,0.95,0.916,0.937,0.921,0.941,0.934,0.948,1.0,0.953,0.955,0.965,0.951,0.936,0.949,0.953
2,A2_3,0.965,0.9,0.915,0.928,0.9,0.917,0.911,0.957,0.953,1.0,0.963,0.933,0.912,0.955,0.956,0.94
2,B2_1,0.966,0.902,0.892,0.91,0.85,0.919,0.9,0.979,0.955,0.963,1.0,0.937,0.936,0.945,0.934,0.941
2,B2_2,0.959,0.898,0.873,0.924,0.908,0.885,0.908,0.922,0.965,0.933,0.937,1.0,0.962,0.919,0.935,0.956
2,B2_3,0.927,0.898,0.849,0.885,0.865,0.892,0.887,0.935,0.951,0.912,0.936,0.962,1.0,0.889,0.896,0.912
2,y1,0.97,0.907,0.933,0.948,0.929,0.951,0.956,0.926,0.936,0.955,0.945,0.919,0.889,1.0,0.972,0.965
2,y2,0.968,0.908,0.937,0.957,0.967,0.94,0.951,0.925,0.949,0.956,0.934,0.935,0.896,0.972,1.0,0.973
2,y3,0.982,0.898,0.921,0.952,0.954,0.914,0.933,0.917,0.953,0.94,0.941,0.956,0.912,0.965,0.973,1.0
3,.,1.0,0.909,0.923,0.918,0.899,0.895,0.941,0.934,0.954,0.962,0.977,0.946,0.923,0.973,0.963,0.975
3,A1_1,0.909,1.0,0.944,0.941,0.905,0.941,0.948,0.899,0.949,0.896,0.909,0.891,0.879,0.907,0.915,0.898
3,A1_2,0.923,0.944,1.0,0.965,0.932,0.913,0.97,0.88,0.911,0.908,0.894,0.855,0.823,0.931,0.938,0.914
3,A1_3,0.918,0.941,0.965,1.0,0.927,0.87,0.941,0.875,0.918,0.897,0.883,0.891,0.84,0.904,0.925,0.914
3,B1_1,0.899,0.905,0.932,0.927,1.0,0.926,0.953,0.812,0.904,0.88,0.844,0.877,0.835,0.922,0.957,0.943
3,B1_2,0.895,0.941,0.913,0.87,0.926,1.0,0.943,0.868,0.923,0.89,0.891,0.859,0.856,0.933,0.936,0.906
3,B1_3,0.941,0.948,0.97,0.941,0.953,0.943,1.0,0.868,0.933,0.908,0.908,0.898,0.872,0.953,0.957,0.937
3,A2_1,0.934,0.899,0.88,0.875,0.812,0.868,0.868,1.0,0.94,0.943,0.971,0.909,0.918,0.908,0.909,0.9
3,A2_2,0.954,0.949,0.911,0.918,0.904,0.923,0.933,0.94,1.0,0.959,0.965,0.961,0.943,0.938,0.949,0.951
3,A2_3,0.962,0.896,0.908,0.897,0.88,0.89,0.908,0.943,0.959,1.0,0.964,0.927,0.909,0.955,0.957,0.941
3,B2_1,0.977,0.909,0.894,0.883,0.844,0.891,0.908,0.971,0.965,0.964,1.0,0.942,0.93,0.954,0.941,0.948
3,B2_2,0.946,0.891,0.855,0.891,0.877,0.859,0.898,0.909,0.961,0.927,0.942,1.0,0.954,0.912,0.926,0.948
3,B2_3,0.923,0.879,0.823,0.84,0.835,0.856,0.872,0.918,0.943,0.909,0.93,0.954,1.0,0.885,0.884,0.902
3,y1,0.973,0.907,0.931,0.904,0.922,0.933,0.953,0.908,0.938,0.955,0.954,0.912,0.885,1.0,0.974,0.974
3,y2,0.963,0.915,0.938,0.925,0.957,0.936,0.957,0.909,0.949,0.957,0.941,0.926,0.884,0.974,1.0,0.975
3,y3,0.975,0.898,0.914,0.914,0.943,0.906,0.937,0.9,0.951,0.941,0.948,0.948,0.902,0.974,0.975,1.0
4,.,1.0,0.87,0.854,0.86,0.863,0.883,0.894,0.917,0.905,0.938,0.983,0.926,0.911,0.974,0.952,0.974
4,A1_1,0.87,1.0,0.949,0.94,0.903,0.927,0.952,0.913,0.956,0.919,0.907,0.891,0.904,0.871,0.895,0.858
4,A1_2,0.854,0.949,1.0,0.963,0.922,0.881,0.966,0.891,0.904,0.897,0.861,0.846,0.834,0.871,0.895,0.85
4,A1_3,0.86,0.94,0.963,1.0,0.926,0.857,0.931,0.904,0.909,0.89,0.863,0.89,0.862,0.85,0.904,0.858
4,B1_1,0.863,0.903,0.922,0.926,1.0,0.9,0.943,0.854,0.879,0.893,0.868,0.883,0.88,0.869,0.924,0.904
4,B1_2,0.883,0.927,0.881,0.857,0.9,1.0,0.923,0.916,0.948,0.948,0.918,0.884,0.924,0.905,0.92,0.887
4,B1_3,0.894,0.952,0.966,0.931,0.943,0.923,1.0,0.88,0.922,0.908,0.908,0.881,0.886,0.908,0.921,0.893
4,A2_1,0.917,0.913,0.891,0.904,0.854,0.916,0.88,1.0,0.956,0.964,0.931,0.9,0.923,0.908,0.932,0.888
4,A2_2,0.905,0.956,0.904,0.909,0.879,0.948,0.922,0.956,1.0,0.957,0.943,0.937,0.958,0.901,0.93,0.892
4,A2_3,0.938,0.919,0.897,0.89,0.893,0.948,0.908,0.964,0.957,1.0,0.947,0.93,0.947,0.942,0.959,0.917
4,B2_1,0.983,0.907,0.861,0.863,0.868,0.918,0.908,0.931,0.943,0.947,1.0,0.948,0.932,0.966,0.955,0.969
4,B2_2,0.926,0.891,0.846,0.89,0.883,0.884,0.881,0.9,0.937,0.93,0.948,1.0,0.957,0.907,0.943,0.926
4,B2_3,0.911,0.904,0.834,0.862,0.88,0.924,0.886,0.923,0.958,0.947,0.932,0.957,1.0,0.893,0.923,0.895
4,y1,0.974,0.871,0.871,0.85,0.869,0.905,0.908,0.908,0.901,0.942,0.966,0.907,0.893,1.0,0.96,0.974
4,y2,0.952,0.895,0.895,0.904,0.924,0.92,0.921,0.932,0.93,0.959,0.955,0.943,0.923,0.96,1.0,0.96
4,y3,0.974,0.858,0.85,0.858,0.904,0.887,0.893,0.888,0.892,0.917,0.969,0.926,0.895,0.974,0.96,1.0
5,.,1.0,0.876,0.873,0.89,0.875,0.845,0.899,0.92,0.914,0.937,0.977,0.926,0.922,0.97,0.947,0.96
5,A1_1,0.876,1.0,0.953,0.954,0.922,0.931,0.957,0.914,0.952,0.911,0.924,0.898,0.912,0.894,0.897,0.861
5,A1_2,0.873,0.953,1.0,0.969,0.919,0.921,0.958,0.901,0.91,0.912,0.901,0.851,0.849,0.912,0.901,0.858
5,A1_3,0.89,0.954,0.969,1.0,0.921,0.893,0.941,0.92,0.949,0.934,0.924,0.912,0.892,0.903,0.926,0.883
5,B1_1,0.875,0.922,0.919,0.921,1.0,0.959,0.971,0.834,0.921,0.91,0.887,0.91,0.918,0.909,0.944,0.925
5,B1_2,0.845,0.931,0.921,0.893,0.959,1.0,0.947,0.843,0.9,0.897,0.874,0.851,0.88,0.899,0.902,0.87
5,B1_3,0.899,0.957,0.958,0.941,0.971,0.947,1.0,0.866,0.928,0.905,0.918,0.907,0.915,0.931,0.929,0.907
5,A2_1,0.92,0.914,0.901,0.92,0.834,0.843,0.866,1.0,0.945,0.938,0.962,0.897,0.902,0.908,0.907,0.876
5,A2_2,0.914,0.952,0.91,0.949,0.921,0.9,0.928,0.945,1.0,0.963,0.964,0.958,0.963,0.909,0.949,0.919
5,A2_3,0.937,0.911,0.912,0.934,0.91,0.897,0.905,0.938,0.963,1.0,0.959,0.937,0.936,0.95,0.97,0.938
5,B2_1,0.977,0.924,0.901,0.924,0.887,0.874,0.918,0.962,0.964,0.959,1.0,0.949,0.945,0.96,0.958,0.949
5,B2_2,0.926,0.898,0.851,0.912,0.91,0.851,0.907,0.897,0.958,0.937,0.949,1.0,0.972,0.911,0.951,0.941
5,B2_3,0.922,0.912,0.849,0.892,0.918,0.88,0.915,0.902,0.963,0.936,0.945,0.972,1.0,0.906,0.931,0.923
5,y1,0.97,0.894,0.912,0.903,0.909,0.899,0.931,0.908,0.909,0.95,0.96,0.911,0.906,1.0,0.961,0.964
5,y2,0.947,0.897,0.901,0.926,0.944,0.902,0.929,0.907,0.949,0.97,0.958,0.951,0.931,0.961,1.0,0.975
5,y3,0.96,0.861,0.858,0.883,0.925,0.87,0.907,0.876,0.919,0.938,0.949,0.941,0.923,0.964,0.975,1.0
6,.,1.0,0.827,0.832,0.858,0.841,0.806,0.853,0.898,0.859,0.901,0.954,0.897,0.881,0.967,0.934,0.959
6,A1_1,0.827,1.0,0.95,0.953,0.92,0.937,0.959,0.917,0.96,0.918,0.935,0.906,0.917,0.856,0.864,0.815
6,A1_2,0.832,0.95,1.0,0.97,0.919,0.916,0.959,0.904,0.913,0.919,0.909,0.861,0.851,0.884,0.873,0.823
6,A1_3,0.858,0.953,0.97,1.0,0.923,0.895,0.943,0.928,0.953,0.938,0.94,0.92,0.895,0.874,0.902,0.852
6,B1_1,0.841,0.92,0.919,0.923,1.0,0.955,0.97,0.835,0.925,0.909,0.903,0.918,0.923,0.88,0.923,0.896
6,B1_2,0.806,0.937,0.916,0.895,0.955,1.0,0.947,0.851,0.916,0.909,0.888,0.867,0.901,0.864,0.873,0.833
6,B1_3,0.853,0.959,0.959,0.943,0.97,0.947,1.0,0.867,0.928,0.9,0.926,0.909,0.913,0.896,0.897,0.865
6,A2_1,0.898,0.917,0.904,0.928,0.835,0.851,0.867,1.0,0.945,0.937,0.961,0.897,0.895,0.893,0.891,0.851
6,A2_2,0.859,0.96,0.913,0.953,0.925,0.916,0.928,0.945,1.0,0.956,0.964,0.957,0.957,0.868,0.919,0.87
6,A2_3,0.901,0.918,0.919,0.938,0.909,0.909,0.9,0.937,0.956,1.0,0.957,0.935,0.933,0.927,0.949,0.904
6,B2_1,0.954,0.935,0.909,0.94,0.903,0.888,0.926,0.961,0.964,0.957,1.0,0.956,0.946,0.944,0.95,0.93
6,B2_2,0.897,0.906,0.861,0.92,0.918,0.867,0.909,0.897,0.957,0.935,0.956,1.0,0.97,0.892,0.944,0.915
6,B2_3,0.881,0.917,0.851,0.895,0.923,0.901,0.913,0.895,0.957,0.933,0.946,0.97,1.0,0.879,0.907,0.887
6,y1,0.967,0.856,0.884,0.874,0.88,0.864,0.896,0.893,0.868,0.927,0.944,0.892,0.879,1.0,0.953,0.961
6,y2,0.934,0.864,0.873,0.902,0.923,0.873,0.897,0.891,0.919,0.949,0.95,0.944,0.907,0.953,1.0,0.969
6,y3,0.959,0.815,0.823,0.852,0.896,0.833,0.865,0.851,0.87,0.904,0.93,0.915,0.887,0.961,0.969,1.0
7,.,1.0,0.774,0.782,0.799,0.77,0.752,0.787,0.86,0.79,0.816,0.874,0.85,0.818,0.961,0.925,0.956
7,A1_1,0.774,1.0,0.942,0.955,0.926,0.947,0.958,0.936,0.968,0.936,0.96,0.927,0.933,0.803,0.823,0.769
7,A1_2,0.782,0.942,1.0,0.97,0.928,0.923,0.964,0.911,0.914,0.929,0.924,0.88,0.861,0.839,0.839,0.779
7,A1_3,0.799,0.955,0.97,1.0,0.934,0.915,0.953,0.933,0.952,0.938,0.958,0.93,0.902,0.816,0.857,0.799
7,B1_1,0.77,0.926,0.928,0.934,1.0,0.962,0.974,0.854,0.933,0.92,0.909,0.927,0.927,0.822,0.876,0.831
7,B1_2,0.752,0.947,0.923,0.915,0.962,1.0,0.951,0.89,0.941,0.941,0.914,0.896,0.924,0.818,0.841,0.792
7,B1_3,0.787,0.958,0.964,0.953,0.974,0.951,1.0,0.888,0.936,0.907,0.937,0.925,0.918,0.836,0.851,0.805
7,A2_1,0.86,0.936,0.911,0.933,0.854,0.89,0.888,1.0,0.948,0.93,0.972,0.907,0.908,0.856,0.865,0.818
7,A2_2,0.79,0.968,0.914,0.952,0.933,0.941,0.936,0.948,1.0,0.958,0.976,0.964,0.967,0.809,0.871,0.81
7,A2_3,0.816,0.936,0.929,0.938,0.92,0.941,0.907,0.93,0.958,1.0,0.938,0.922,0.928,0.859,0.894,0.835
7,B2_1,0.874,0.96,0.924,0.958,0.909,0.914,0.937,0.972,0.976,0.938,1.0,0.966,0.954,0.863,0.891,0.853
7,B2_2,0.85,0.927,0.88,0.93,0.927,0.896,0.925,0.907,0.964,0.922,0.966,1.0,0.969,0.845,0.91,0.868
7,B2_3,0.818,0.933,0.861,0.902,0.927,0.924,0.918,0.908,0.967,0.928,0.954,0.969,1.0,0.825,0.863,0.832
7,y1,0.961,0.803,0.839,0.816,0.822,0.818,0.836,0.856,0.809,0.859,0.863,0.845,0.825,1.0,0.949,0.962
7,y2,0.925,0.823,0.839,0.857,0.876,0.841,0.851,0.865,0.871,0.894,0.891,0.91,0.863,0.949,1.0,0.964
7,y3,0.956,0.769,0.779,0.799,0.831,0.792,0.805,0.818,0.81,0.835,0.853,0.868,0.832,0.962,0.964,1.0
8,.,1.0,0.739,0.747,0.765,0.711,0.724,0.737,0.832,0.746,0.777,0.832,0.817,0.789,0.952,0.93,0.961
8,A1_1,0.739,1.0,0.948,0.971,0.935,0.954,0.959,0.936,0.971,0.936,0.954,0.937,0.924,0.778,0.789,0.739
8,A1_2,0.747,0.948,1.0,0.963,0.932,0.937,0.967,0.904,0.911,0.927,0.911,0.883,0.85,0.816,0.804,0.744
8,A1_3,0.765,0.971,0.963,1.0,0.945,0.939,0.957,0.944,0.968,0.954,0.959,0.943,0.91,0.793,0.818,0.756
8,B1_1,0.711,0.935,0.932,0.945,1.0,0.966,0.976,0.854,0.937,0.922,0.892,0.934,0.92,0.79,0.824,0.763
8,B1_2,0.724,0.954,0.937,0.939,0.966,1.0,0.96,0.903,0.945,0.933,0.919,0.914,0.93,0.804,0.812,0.768
8,B1_3,0.737,0.959,0.967,0.957,0.976,0.96,1.0,0.881,0.932,0.901,0.919,0.931,0.905,0.802,0.806,0.756
8,A2_1,0.832,0.936,0.904,0.944,0.854,0.903,0.881,1.0,0.947,0.923,0.978,0.921,0.912,0.823,0.832,0.795
8,A2_2,0.746,0.971,0.911,0.968,0.937,0.945,0.932,0.947,1.0,0.955,0.967,0.967,0.956,0.78,0.82,0.764
8,A2_3,0.777,0.936,0.927,0.954,0.922,0.933,0.901,0.923,0.955,1.0,0.917,0.914,0.91,0.837,0.858,0.803
8,B2_1,0.832,0.954,0.911,0.959,0.892,0.919,0.919,0.978,0.967,0.917,1.0,0.961,0.949,0.817,0.832,0.803
8,B2_2,0.817,0.937,0.883,0.943,0.934,0.914,0.931,0.921,0.967,0.914,0.961,1.0,0.968,0.819,0.864,0.825
8,B2_3,0.789,0.924,0.85,0.91,0.92,0.93,0.905,0.912,0.956,0.91,0.949,0.968,1.0,0.801,0.82,0.804
8,y1,0.952,0.778,0.816,0.793,0.79,0.804,0.802,0.823,0.78,0.837,0.817,0.819,0.801,1.0,0.968,0.976
8,y2,0.93,0.789,0.804,0.818,0.824,0.812,0.806,0.832,0.82,0.858,0.832,0.864,0.82,0.968,1.0,0.965
8,y3,0.961,0.739,0.744,0.756,0.763,0.768,0.756,0.795,0.764,0.803,0.803,0.825,0.804,0.976,0.965,1.0
9,.,1.0,0.734,0.743,0.767,0.708,0.713,0.734,0.774,0.737,0.771,0.822,0.771,0.77,0.954,0.928,0.957
9,A1_1,0.734,1.0,0.947,0.969,0.941,0.963,0.957,0.96,0.968,0.942,0.956,0.935,0.93,0.781,0.793,0.738
9,A1_2,0.743,0.947,1.0,0.967,0.93,0.944,0.959,0.925,0.901,0.93,0.908,0.878,0.847,0.814,0.807,0.737
9,A1_3,0.767,0.969,0.967,1.0,0.942,0.945,0.95,0.967,0.96,0.965,0.955,0.938,0.906,0.803,0.828,0.761
9,B1_1,0.708,0.941,0.93,0.942,1.0,0.971,0.98,0.881,0.934,0.914,0.898,0.946,0.926,0.786,0.821,0.758
9,B1_2,0.713,0.963,0.944,0.945,0.971,1.0,0.966,0.92,0.944,0.927,0.92,0.915,0.927,0.795,0.803,0.752
9,B1_3,0.734,0.957,0.959,0.95,0.98,0.966,1.0,0.902,0.926,0.893,0.924,0.938,0.913,0.797,0.806,0.75
9,A2_1,0.774,0.96,0.925,0.967,0.881,0.92,0.902,1.0,0.968,0.94,0.978,0.914,0.915,0.78,0.791,0.744
9,A2_2,0.737,0.968,0.901,0.96,0.934,0.944,0.926,0.968,1.0,0.952,0.97,0.969,0.965,0.774,0.814,0.762
9,A2_3,0.771,0.942,0.93,0.965,0.914,0.927,0.893,0.94,0.952,1.0,0.916,0.915,0.905,0.831,0.855,0.797
9,B2_1,0.822,0.956,0.908,0.955,0.898,0.92,0.924,0.978,0.97,0.916,1.0,0.954,0.951,0.816,0.831,0.798
9,B2_2,0.771,0.935,0.878,0.938,0.946,0.915,0.938,0.914,0.969,0.915,0.954,1.0,0.973,0.788,0.837,0.792
9,B2_3,0.77,0.93,0.847,0.906,0.926,0.927,0.913,0.915,0.965,0.905,0.951,0.973,1.0,0.787,0.808,0.79
9,y1,0.954,0.781,0.814,0.803,0.786,0.795,0.797,0.78,0.774,0.831,0.816,0.788,0.787,1.0,0.969,0.977
9,y2,0.928,0.793,0.807,0.828,0.821,0.803,0.806,0.791,0.814,0.855,0.831,0.837,0.808,0.969,1.0,0.968
9,y3,0.957,0.738,0.737,0.761,0.758,0.752,0.75,0.744,0.762,0.797,0.798,0.792,0.79,0.977,0.968,1.0
10,.,1.0,0.683,0.704,0.722,0.66,0.648,0.689,0.701,0.667,0.699,0.73,0.704,0.7,0.95,0.931,0.955
10,A1_1,0.683,1.0,0.946,0.971,0.936,0.959,0.956,0.973,0.974,0.953,0.97,0.948,0.937,0.731,0.722,0.677
10,A1_2,0.704,0.946,1.0,0.971,0.923,0.936,0.956,0.931,0.902,0.938,0.91,0.887,0.851,0.777,0.752,0.691
10,A1_3,0.722,0.971,0.971,1.0,0.94,0.942,0.952,0.968,0.953,0.966,0.955,0.938,0.908,0.765,0.766,0.706
10,B1_1,0.66,0.936,0.923,0.94,1.0,0.972,0.98,0.893,0.939,0.92,0.917,0.962,0.935,0.746,0.763,0.703
10,B1_2,0.648,0.959,0.936,0.942,0.972,1.0,0.964,0.931,0.956,0.943,0.935,0.936,0.941,0.738,0.732,0.685
10,B1_3,0.689,0.956,0.956,0.952,0.98,0.964,1.0,0.916,0.934,0.905,0.94,0.956,0.92,0.755,0.748,0.697
10,A2_1,0.701,0.973,0.931,0.968,0.893,0.931,0.916,1.0,0.973,0.952,0.978,0.924,0.928,0.721,0.71,0.67
10,A2_2,0.667,0.974,0.902,0.953,0.939,0.956,0.934,0.973,1.0,0.957,0.976,0.97,0.971,0.721,0.733,0.687
10,A2_3,0.699,0.953,0.938,0.966,0.92,0.943,0.905,0.952,0.957,1.0,0.922,0.919,0.916,0.774,0.775,0.721
10,B2_1,0.73,0.97,0.91,0.955,0.917,0.935,0.94,0.978,0.976,0.922,1.0,0.962,0.964,0.736,0.734,0.704
10,B2_2,0.704,0.948,0.887,0.938,0.962,0.936,0.956,0.924,0.97,0.919,0.962,1.0,0.976,0.739,0.765,0.719
10,B2_3,0.7,0.937,0.851,0.908,0.935,0.941,0.92,0.928,0.971,0.916,0.964,0.976,1.0,0.73,0.736,0.715
10,y1,0.95,0.731,0.777,0.765,0.746,0.738,0.755,0.721,0.721,0.774,0.736,0.739,0.73,1.0,0.973,0.978
10,y2,0.931,0.722,0.752,0.766,0.763,0.732,0.748,0.71,0.733,0.775,0.734,0.765,0.736,0.973,1.0,0.968
10,y3,0.955,0.677,0.691,0.706,0.703,0.685,0.697,0.67,0.687,0.721,0.704,0.719,0.715,0.978,0.968,1.0
11,.,1.0,0.681,0.7,0.718,0.653,0.65,0.672,0.7,0.674,0.706,0.734,0.701,0.695,0.94,0.929,0.944
11,A1_1,0.681,1.0,0.95,0.97,0.939,0.963,0.95,0.971,0.974,0.961,0.969,0.941,0.933,0.743,0.742,0.683
11,A1_2,0.7,0.95,1.0,0.974,0.922,0.94,0.944,0.94,0.91,0.948,0.913,0.879,0.845,0.781,0.767,0.692
11,A1_3,0.718,0.97,0.974,1.0,0.934,0.942,0.937,0.971,0.954,0.978,0.949,0.922,0.893,0.78,0.784,0.714
11,B1_1,0.653,0.939,0.922,0.934,1.0,0.975,0.987,0.896,0.935,0.911,0.929,0.96,0.932,0.745,0.763,0.694
11,B1_2,0.65,0.963,0.94,0.942,0.975,1.0,0.971,0.935,0.956,0.936,0.945,0.936,0.937,0.745,0.744,0.686
11,B1_3,0.672,0.95,0.944,0.937,0.987,0.971,1.0,0.907,0.931,0.898,0.942,0.954,0.922,0.747,0.753,0.685
11,A2_1,0.7,0.971,0.94,0.971,0.896,0.935,0.907,1.0,0.976,0.964,0.972,0.913,0.917,0.734,0.733,0.676
11,A2_2,0.674,0.974,0.91,0.954,0.935,0.956,0.931,0.976,1.0,0.959,0.983,0.964,0.966,0.737,0.751,0.696
11,A2_3,0.706,0.961,0.948,0.978,0.911,0.936,0.898,0.964,0.959,1.0,0.932,0.911,0.902,0.79,0.79,0.731
11,B2_1,0.734,0.969,0.913,0.949,0.929,0.945,0.942,0.972,0.983,0.932,1.0,0.967,0.967,0.753,0.763,0.717
11,B2_2,0.701,0.941,0.879,0.922,0.96,0.936,0.954,0.913,0.964,0.911,0.967,1.0,0.978,0.744,0.773,0.721
11,B2_3,0.695,0.933,0.845,0.893,0.932,0.937,0.922,0.917,0.966,0.902,0.967,0.978,1.0,0.728,0.739,0.708
11,y1,0.94,0.743,0.781,0.78,0.745,0.745,0.747,0.734,0.737,0.79,0.753,0.744,0.728,1.0,0.981,0.977
11,y2,0.929,0.742,0.767,0.784,0.763,0.744,0.753,0.733,0.751,0.79,0.763,0.773,0.739,0.981,1.0,0.971
11,y3,0.944,0.683,0.692,0.714,0.694,0.686,0.685,0.676,0.696,0.731,0.717,0.721,0.708,0.977,0.971,1.0
12,.,1.0,0.683,0.708,0.713,0.641,0.645,0.666,0.699,0.668,0.698,0.731,0.688,0.678,0.94,0.927,0.938
12,A1_1,0.683,1.0,0.962,0.972,0.927,0.953,0.941,0.972,0.975,0.963,0.964,0.926,0.916,0.752,0.744,0.688
12,A1_2,0.708,0.962,1.0,0.982,0.922,0.946,0.949,0.957,0.934,0.955,0.927,0.885,0.852,0.784,0.771,0.7
12,A1_3,0.713,0.972,0.982,1.0,0.919,0.932,0.927,0.973,0.957,0.982,0.941,0.905,0.874,0.781,0.78,0.712
12,B1_1,0.641,0.927,0.922,0.919,1.0,0.973,0.985,0.886,0.929,0.908,0.928,0.965,0.941,0.744,0.755,0.688
12,B1_2,0.645,0.953,0.946,0.932,0.973,1.0,0.972,0.926,0.953,0.93,0.942,0.931,0.935,0.753,0.746,0.689
12,B1_3,0.666,0.941,0.949,0.927,0.985,0.972,1.0,0.902,0.926,0.897,0.941,0.954,0.923,0.749,0.746,0.68
12,A2_1,0.699,0.972,0.957,0.973,0.886,0.926,0.902,1.0,0.978,0.966,0.966,0.895,0.893,0.743,0.734,0.679
12,A2_2,0.668,0.975,0.934,0.957,0.929,0.953,0.926,0.978,1.0,0.969,0.977,0.946,0.945,0.749,0.754,0.697
12,A2_3,0.698,0.963,0.955,0.982,0.908,0.93,0.897,0.966,0.969,1.0,0.929,0.899,0.888,0.79,0.794,0.734
12,B2_1,0.731,0.964,0.927,0.941,0.928,0.942,0.941,0.966,0.977,0.929,1.0,0.962,0.959,0.759,0.758,0.713
12,B2_2,0.688,0.926,0.885,0.905,0.965,0.931,0.954,0.895,0.946,0.899,0.962,1.0,0.976,0.741,0.761,0.709
12,B2_3,0.678,0.916,0.852,0.874,0.941,0.935,0.923,0.893,0.945,0.888,0.959,0.976,1.0,0.727,0.731,0.7
12,y1,0.94,0.752,0.784,0.781,0.744,0.753,0.749,0.743,0.749,0.79,0.759,0.741,0.727,1.0,0.984,0.979
12,y2,0.927,0.744,0.771,0.78,0.755,0.746,0.746,0.734,0.754,0.794,0.758,0.761,0.731,0.984,1.0,0.973
12,y3,0.938,0.688,0.7,0.712,0.688,0.689,0.68,0.679,0.697,0.734,0.713,0.709,0.7,0.979,0.973,1.0
13,.,1.0,0.673,0.698,0.696,0.632,0.634,0.655,0.684,0.652,0.68,0.709,0.671,0.664,0.931,0.924,0.925
13,A1_1,0.673,1.0,0.961,0.973,0.922,0.948,0.934,0.972,0.977,0.969,0.959,0.926,0.911,0.755,0.739,0.672
13,A1_2,0.698,0.961,1.0,0.983,0.915,0.937,0.936,0.954,0.935,0.962,0.914,0.879,0.841,0.789,0.771,0.688
13,A1_3,0.696,0.973,0.983,1.0,0.912,0.926,0.918,0.969,0.956,0.983,0.929,0.896,0.864,0.778,0.77,0.69
13,B1_1,0.632,0.922,0.915,0.912,1.0,0.973,0.987,0.878,0.92,0.898,0.937,0.968,0.94,0.743,0.747,0.672
13,B1_2,0.634,0.948,0.937,0.926,0.973,1.0,0.972,0.92,0.949,0.926,0.951,0.94,0.941,0.753,0.735,0.675
13,B1_3,0.655,0.934,0.936,0.918,0.987,0.972,1.0,0.892,0.921,0.889,0.948,0.962,0.925,0.748,0.738,0.665
13,A2_1,0.684,0.972,0.954,0.969,0.878,0.92,0.892,1.0,0.981,0.97,0.955,0.89,0.885,0.737,0.72,0.654
13,A2_2,0.652,0.977,0.935,0.956,0.92,0.949,0.921,0.981,1.0,0.97,0.973,0.938,0.934,0.743,0.736,0.671
13,A2_3,0.68,0.969,0.962,0.983,0.898,0.926,0.889,0.97,0.97,1.0,0.923,0.891,0.88,0.783,0.778,0.706
13,B2_1,0.709,0.959,0.914,0.929,0.937,0.951,0.948,0.955,0.973,0.923,1.0,0.967,0.967,0.749,0.738,0.689
13,B2_2,0.671,0.926,0.879,0.896,0.968,0.94,0.962,0.89,0.938,0.891,0.967,1.0,0.974,0.735,0.746,0.687
13,B2_3,0.664,0.911,0.841,0.864,0.94,0.941,0.925,0.885,0.934,0.88,0.967,0.974,1.0,0.725,0.718,0.681
13,y1,0.931,0.755,0.789,0.778,0.743,0.753,0.748,0.737,0.743,0.783,0.749,0.735,0.725,1.0,0.982,0.972
13,y2,0.924,0.739,0.771,0.77,0.747,0.735,0.738,0.72,0.736,0.778,0.738,0.746,0.718,0.982,1.0,0.965
13,y3,0.925,0.672,0.688,0.69,0.672,0.675,0.665,0.654,0.671,0.706,0.689,0.687,0.681,0.972,0.965,1.0
14,.,1.0,0.663,0.693,0.689,0.617,0.616,0.645,0.666,0.641,0.667,0.685,0.654,0.638,0.928,0.92,0.918
14,A1_1,0.663,1.0,0.959,0.978,0.92,0.945,0.929,0.972,0.978,0.971,0.961,0.929,0.916,0.738,0.722,0.652
14,A1_2,0.693,0.959,1.0,0.981,0.907,0.927,0.926,0.952,0.934,0.964,0.908,0.875,0.842,0.779,0.759,0.675
14,A1_3,0.689,0.978,0.981,1.0,0.913,0.926,0.919,0.974,0.963,0.981,0.938,0.903,0.878,0.761,0.749,0.669
14,B1_1,0.617,0.92,0.907,0.913,1.0,0.974,0.987,0.874,0.916,0.892,0.94,0.968,0.942,0.725,0.729,0.649
14,B1_2,0.616,0.945,0.927,0.926,0.974,1.0,0.971,0.918,0.949,0.922,0.957,0.947,0.951,0.729,0.713,0.651
14,B1_3,0.645,0.929,0.926,0.919,0.987,0.971,1.0,0.886,0.917,0.883,0.949,0.964,0.93,0.73,0.722,0.646
14,A2_1,0.666,0.972,0.952,0.974,0.874,0.918,0.886,1.0,0.981,0.971,0.953,0.892,0.892,0.711,0.692,0.624
14,A2_2,0.641,0.978,0.934,0.963,0.916,0.949,0.917,0.981,1.0,0.97,0.975,0.939,0.938,0.722,0.714,0.646
14,A2_3,0.667,0.971,0.964,0.981,0.892,0.922,0.883,0.971,0.97,1.0,0.923,0.887,0.88,0.769,0.758,0.686
14,B2_1,0.685,0.961,0.908,0.938,0.94,0.957,0.949,0.953,0.975,0.923,1.0,0.972,0.972,0.72,0.71,0.656
14,B2_2,0.654,0.929,0.875,0.903,0.968,0.947,0.964,0.892,0.939,0.887,0.972,1.0,0.977,0.714,0.722,0.658
14,B2_3,0.638,0.916,0.842,0.878,0.942,0.951,0.93,0.892,0.938,0.88,0.972,0.977,1.0,0.697,0.689,0.644
14,y1,0.928,0.738,0.779,0.761,0.725,0.729,0.73,0.711,0.722,0.769,0.72,0.714,0.697,1.0,0.985,0.97
14,y2,0.92,0.722,0.759,0.749,0.729,0.713,0.722,0.692,0.714,0.758,0.71,0.722,0.689,0.985,1.0,0.964
14,y3,0.918,0.652,0.675,0.669,0.649,0.651,0.646,0.624,0.646,0.686,0.656,0.658,0.644,0.97,0.964,1.0
15,.,1.0,0.655,0.683,0.682,0.608,0.603,0.641,0.654,0.624,0.651,0.664,0.641,0.625,0.924,0.914,0.909
15,A1_1,0.655,1.0,0.958,0.977,0.909,0.942,0.924,0.973,0.978,0.971,0.956,0.915,0.91,0.729,0.706,0.634
15,A1_2,0.683,0.958,1.0,0.981,0.898,0.923,0.92,0.95,0.928,0.957,0.899,0.86,0.832,0.765,0.746,0.658
15,A1_3,0.682,0.977,0.981,1.0,0.898,0.918,0.908,0.975,0.959,0.98,0.927,0.884,0.868,0.749,0.734,0.651
15,B1_1,0.608,0.909,0.898,0.898,1.0,0.975,0.987,0.858,0.904,0.88,0.94,0.968,0.941,0.711,0.714,0.632
15,B1_2,0.603,0.942,0.923,0.918,0.975,1.0,0.973,0.906,0.943,0.913,0.956,0.945,0.947,0.715,0.696,0.633
15,B1_3,0.641,0.924,0.92,0.908,0.987,0.973,1.0,0.873,0.91,0.873,0.952,0.966,0.932,0.723,0.712,0.636
15,A2_1,0.654,0.973,0.95,0.975,0.858,0.906,0.873,1.0,0.979,0.974,0.94,0.871,0.88,0.697,0.672,0.603
15,A2_2,0.624,0.978,0.928,0.959,0.904,0.943,0.91,0.979,1.0,0.97,0.97,0.925,0.935,0.706,0.691,0.622
15,A2_3,0.651,0.971,0.957,0.98,0.88,0.913,0.873,0.974,0.97,1.0,0.914,0.873,0.876,0.751,0.737,0.663
15,B2_1,0.664,0.956,0.899,0.927,0.94,0.956,0.952,0.94,0.97,0.914,1.0,0.971,0.973,0.701,0.685,0.63
15,B2_2,0.641,0.915,0.86,0.884,0.968,0.945,0.966,0.871,0.925,0.873,0.971,1.0,0.976,0.699,0.702,0.637
15,B2_3,0.625,0.91,0.832,0.868,0.941,0.947,0.932,0.88,0.935,0.876,0.973,0.976,1.0,0.682,0.669,0.622
15,y1,0.924,0.729,0.765,0.749,0.711,0.715,0.723,0.697,0.706,0.751,0.701,0.699,0.682,1.0,0.984,0.971
15,y2,0.914,0.706,0.746,0.734,0.714,0.696,0.712,0.672,0.691,0.737,0.685,0.702,0.669,0.984,1.0,0.962
15,y3,0.909,0.634,0.658,0.651,0.632,0.633,0.636,0.603,0.622,0.663,0.63,0.637,0.622,0.971,0.962,1.0
16,.,1.0,0.655,0.674,0.673,0.604,0.599,0.633,0.648,0.619,0.644,0.664,0.64,0.629,0.909,0.906,0.897
16,A1_1,0.655,1.0,0.961,0.975,0.895,0.929,0.911,0.974,0.976,0.972,0.946,0.899,0.896,0.732,0.715,0.638
16,A1_2,0.674,0.961,1.0,0.986,0.888,0.916,0.907,0.954,0.931,0.959,0.893,0.852,0.819,0.76,0.748,0.654
16,A1_3,0.673,0.975,0.986,1.0,0.879,0.901,0.889,0.973,0.954,0.981,0.905,0.859,0.84,0.749,0.74,0.653
16,B1_1,0.604,0.895,0.888,0.879,1.0,0.977,0.989,0.842,0.891,0.868,0.944,0.971,0.939,0.707,0.713,0.63
16,B1_2,0.599,0.929,0.916,0.901,0.977,1.0,0.977,0.888,0.929,0.901,0.955,0.948,0.941,0.719,0.704,0.636
16,B1_3,0.633,0.911,0.907,0.889,0.989,0.977,1.0,0.857,0.897,0.864,0.957,0.97,0.932,0.718,0.714,0.633
16,A2_1,0.648,0.974,0.954,0.973,0.842,0.888,0.857,1.0,0.978,0.976,0.922,0.848,0.858,0.698,0.681,0.606
16,A2_2,0.619,0.976,0.931,0.954,0.891,0.929,0.897,0.978,1.0,0.974,0.957,0.904,0.917,0.71,0.7,0.626
16,A2_3,0.644,0.972,0.959,0.981,0.868,0.901,0.864,0.976,0.974,1.0,0.905,0.861,0.863,0.751,0.742,0.665
16,B2_1,0.664,0.946,0.893,0.905,0.944,0.955,0.957,0.922,0.957,0.905,1.0,0.97,0.972,0.7,0.69,0.629
16,B2_2,0.64,0.899,0.852,0.859,0.971,0.948,0.97,0.848,0.904,0.861,0.97,1.0,0.974,0.699,0.706,0.639
16,B2_3,0.629,0.896,0.819,0.84,0.939,0.941,0.932,0.858,0.917,0.863,0.972,0.974,1.0,0.682,0.672,0.624
16,y1,0.909,0.732,0.76,0.749,0.707,0.719,0.718,0.698,0.71,0.751,0.7,0.699,0.682,1.0,0.986,0.974
16,y2,0.906,0.715,0.748,0.74,0.713,0.704,0.714,0.681,0.7,0.742,0.69,0.706,0.672,0.986,1.0,0.966
16,y3,0.897,0.638,0.654,0.653,0.63,0.636,0.633,0.606,0.626,0.665,0.629,0.639,0.624,0.974,0.966,1.0
17,.,1.0,0.641,0.664,0.656,0.594,0.581,0.625,0.63,0.609,0.624,0.642,0.621,0.615,0.894,0.892,0.877
17,A1_1,0.641,1.0,0.963,0.975,0.881,0.92,0.896,0.973,0.978,0.974,0.939,0.888,0.885,0.722,0.705,0.613
17,A1_2,0.664,0.963,1.0,0.987,0.87,0.903,0.887,0.959,0.942,0.964,0.884,0.835,0.81,0.754,0.742,0.636
17,A1_3,0.656,0.975,0.987,1.0,0.859,0.888,0.867,0.975,0.961,0.983,0.893,0.839,0.827,0.738,0.729,0.627
17,B1_1,0.594,0.881,0.87,0.859,1.0,0.974,0.988,0.821,0.867,0.851,0.949,0.972,0.943,0.7,0.702,0.607
17,B1_2,0.581,0.92,0.903,0.888,0.974,1.0,0.974,0.873,0.915,0.893,0.961,0.947,0.944,0.71,0.69,0.611
17,B1_3,0.625,0.896,0.887,0.867,0.988,0.974,1.0,0.833,0.878,0.85,0.959,0.97,0.935,0.716,0.709,0.618
17,A2_1,0.63,0.973,0.959,0.975,0.821,0.873,0.833,1.0,0.982,0.981,0.903,0.828,0.838,0.683,0.668,0.577
17,A2_2,0.609,0.978,0.942,0.961,0.867,0.915,0.878,0.982,1.0,0.982,0.941,0.882,0.891,0.703,0.692,0.602
17,A2_3,0.624,0.974,0.964,0.983,0.851,0.893,0.85,0.981,0.982,1.0,0.901,0.845,0.85,0.735,0.726,0.634
17,B2_1,0.642,0.939,0.884,0.893,0.949,0.961,0.959,0.903,0.941,0.901,1.0,0.973,0.975,0.689,0.675,0.603
17,B2_2,0.621,0.888,0.835,0.839,0.972,0.947,0.97,0.828,0.882,0.845,0.973,1.0,0.975,0.682,0.687,0.605
17,B2_3,0.615,0.885,0.81,0.827,0.943,0.944,0.935,0.838,0.891,0.85,0.975,0.975,1.0,0.672,0.659,0.597
17,y1,0.894,0.722,0.754,0.738,0.7,0.71,0.716,0.683,0.703,0.735,0.689,0.682,0.672,1.0,0.984,0.971
17,y2,0.892,0.705,0.742,0.729,0.702,0.69,0.709,0.668,0.692,0.726,0.675,0.687,0.659,0.984,1.0,0.96
17,y3,0.877,0.613,0.636,0.627,0.607,0.611,0.618,0.577,0.602,0.634,0.603,0.605,0.597,0.971,0.96,1.0
18,.,1.0,0.654,0.669,0.664,0.603,0.593,0.629,0.638,0.618,0.633,0.665,0.635,0.636,0.879,0.88,0.869
18,A1_1,0.654,1.0,0.965,0.975,0.858,0.901,0.877,0.972,0.971,0.97,0.929,0.866,0.863,0.727,0.719,0.628
18,A1_2,0.669,0.965,1.0,0.99,0.854,0.889,0.872,0.961,0.937,0.966,0.879,0.823,0.789,0.754,0.752,0.647
18,A1_3,0.664,0.975,0.99,1.0,0.841,0.872,0.852,0.973,0.952,0.981,0.883,0.823,0.803,0.742,0.743,0.642
18,B1_1,0.603,0.858,0.854,0.841,1.0,0.975,0.989,0.807,0.848,0.844,0.945,0.973,0.933,0.713,0.72,0.628
18,B1_2,0.593,0.901,0.889,0.872,0.975,1.0,0.978,0.859,0.899,0.884,0.957,0.95,0.932,0.729,0.715,0.636
18,B1_3,0.629,0.877,0.872,0.852,0.989,0.978,1.0,0.822,0.862,0.844,0.958,0.97,0.927,0.724,0.722,0.633
18,A2_1,0.638,0.972,0.961,0.973,0.807,0.859,0.822,1.0,0.98,0.977,0.895,0.814,0.82,0.689,0.686,0.593
18,A2_2,0.618,0.971,0.937,0.952,0.848,0.899,0.862,0.98,1.0,0.977,0.931,0.864,0.874,0.712,0.71,0.622
18,A2_3,0.633,0.97,0.966,0.981,0.844,0.884,0.844,0.977,0.977,1.0,0.894,0.838,0.834,0.749,0.75,0.658
18,B2_1,0.665,0.929,0.879,0.883,0.945,0.957,0.958,0.895,0.931,0.894,1.0,0.97,0.969,0.703,0.696,0.626
18,B2_2,0.635,0.866,0.823,0.823,0.973,0.95,0.97,0.814,0.864,0.838,0.97,1.0,0.971,0.694,0.704,0.627
18,B2_3,0.636,0.863,0.789,0.803,0.933,0.932,0.927,0.82,0.874,0.834,0.969,0.971,1.0,0.686,0.677,0.621
18,y1,0.879,0.727,0.754,0.742,0.713,0.729,0.724,0.689,0.712,0.749,0.703,0.694,0.686,1.0,0.985,0.973
18,y2,0.88,0.719,0.752,0.743,0.72,0.715,0.722,0.686,0.71,0.75,0.696,0.704,0.677,0.985,1.0,0.962
18,y3,0.869,0.628,0.647,0.642,0.628,0.636,0.633,0.593,0.622,0.658,0.626,0.627,0.621,0.973,0.962,1.0
19,.,1.0,0.646,0.668,0.656,0.601,0.592,0.631,0.63,0.617,0.627,0.659,0.628,0.622,0.877,0.874,0.861
19,A1_1,0.646,1.0,0.965,0.978,0.843,0.889,0.864,0.973,0.971,0.969,0.926,0.855,0.852,0.705,0.702,0.604
19,A1_2,0.668,0.965,1.0,0.989,0.844,0.88,0.861,0.963,0.938,0.968,0.88,0.814,0.78,0.739,0.743,0.632
19,A1_3,0.656,0.978,0.989,1.0,0.83,0.865,0.841,0.978,0.957,0.983,0.887,0.816,0.799,0.721,0.726,0.62
19,B1_1,0.601,0.843,0.844,0.83,1.0,0.974,0.987,0.794,0.836,0.833,0.95,0.972,0.931,0.702,0.713,0.61
19,B1_2,0.592,0.889,0.88,0.865,0.974,1.0,0.977,0.847,0.89,0.877,0.96,0.949,0.933,0.72,0.709,0.623
19,B1_3,0.631,0.864,0.861,0.841,0.987,0.977,1.0,0.809,0.857,0.834,0.96,0.969,0.926,0.716,0.717,0.62
19,A2_1,0.63,0.973,0.963,0.978,0.794,0.847,0.809,1.0,0.979,0.981,0.887,0.804,0.809,0.668,0.669,0.57
19,A2_2,0.617,0.971,0.938,0.957,0.836,0.89,0.857,0.979,1.0,0.976,0.926,0.858,0.865,0.696,0.696,0.603
19,A2_3,0.627,0.969,0.968,0.983,0.833,0.877,0.834,0.981,0.976,1.0,0.896,0.829,0.824,0.73,0.734,0.637
19,B2_1,0.659,0.926,0.88,0.887,0.95,0.96,0.96,0.887,0.926,0.896,1.0,0.972,0.965,0.697,0.693,0.612
19,B2_2,0.628,0.855,0.814,0.816,0.972,0.949,0.969,0.804,0.858,0.829,0.972,1.0,0.969,0.678,0.69,0.603
19,B2_3,0.622,0.852,0.78,0.799,0.931,0.933,0.926,0.809,0.865,0.824,0.965,0.969,1.0,0.669,0.659,0.593
19,y1,0.877,0.705,0.739,0.721,0.702,0.72,0.716,0.668,0.696,0.73,0.697,0.678,0.669,1.0,0.985,0.973
19,y2,0.874,0.702,0.743,0.726,0.713,0.709,0.717,0.669,0.696,0.734,0.693,0.69,0.659,0.985,1.0,0.961
19,y3,0.861,0.604,0.632,0.62,0.61,0.623,0.62,0.57,0.603,0.637,0.612,0.603,0.593,0.973,0.961,1.0
20,.,1.0,0.64,0.659,0.651,0.594,0.58,0.624,0.62,0.6,0.616,0.65,0.623,0.614,0.87,0.87,0.856
20,A1_1,0.64,1.0,0.965,0.976,0.825,0.873,0.851,0.976,0.97,0.968,0.921,0.848,0.853,0.69,0.679,0.593
20,A1_2,0.659,0.965,1.0,0.99,0.825,0.861,0.847,0.965,0.932,0.967,0.875,0.81,0.782,0.724,0.719,0.621
20,A1_3,0.651,0.976,0.99,1.0,0.811,0.846,0.828,0.977,0.948,0.98,0.88,0.809,0.797,0.708,0.706,0.611
20,B1_1,0.594,0.825,0.825,0.811,1.0,0.977,0.989,0.786,0.836,0.824,0.947,0.978,0.935,0.692,0.695,0.606
20,B1_2,0.58,0.873,0.861,0.846,0.977,1.0,0.979,0.838,0.889,0.868,0.959,0.959,0.938,0.706,0.69,0.614
20,B1_3,0.624,0.851,0.847,0.828,0.989,0.979,1.0,0.806,0.855,0.83,0.959,0.974,0.929,0.705,0.7,0.614
20,A2_1,0.62,0.976,0.965,0.977,0.786,0.838,0.806,1.0,0.977,0.98,0.888,0.803,0.818,0.657,0.65,0.562
20,A2_2,0.6,0.97,0.932,0.948,0.836,0.889,0.855,0.977,1.0,0.974,0.93,0.86,0.882,0.681,0.674,0.59
20,A2_3,0.616,0.968,0.967,0.98,0.824,0.868,0.83,0.98,0.974,1.0,0.893,0.829,0.832,0.721,0.719,0.631
20,B2_1,0.65,0.921,0.875,0.88,0.947,0.959,0.959,0.888,0.93,0.893,1.0,0.971,0.968,0.678,0.669,0.596
20,B2_2,0.623,0.848,0.81,0.809,0.978,0.959,0.974,0.803,0.86,0.829,0.971,1.0,0.971,0.675,0.681,0.602
20,B2_3,0.614,0.853,0.782,0.797,0.935,0.938,0.929,0.818,0.882,0.832,0.968,0.971,1.0,0.657,0.646,0.586
20,y1,0.87,0.69,0.724,0.708,0.692,0.706,0.705,0.657,0.681,0.721,0.678,0.675,0.657,1.0,0.986,0.974
20,y2,0.87,0.679,0.719,0.706,0.695,0.69,0.7,0.65,0.674,0.719,0.669,0.681,0.646,0.986,1.0,0.965
20,y3,0.856,0.593,0.621,0.611,0.606,0.614,0.614,0.562,0.59,0.631,0.596,0.602,0.586,0.974,0.965,1.0
21,.,1.0,0.644,0.658,0.658,0.6,0.588,0.625,0.62,0.604,0.627,0.678,0.637,0.642,0.87,0.87,0.858
21,A1_1,0.644,1.0,0.968,0.975,0.803,0.852,0.833,0.977,0.963,0.95,0.908,0.82,0.832,0.672,0.665,0.588
21,A1_2,0.658,0.968,1.0,0.989,0.807,0.848,0.835,0.968,0.932,0.956,0.875,0.797,0.776,0.703,0.704,0.613
21,A1_3,0.658,0.975,0.989,1.0,0.792,0.829,0.813,0.98,0.948,0.973,0.869,0.791,0.785,0.693,0.697,0.612
21,B1_1,0.6,0.803,0.807,0.792,1.0,0.98,0.991,0.774,0.831,0.826,0.943,0.982,0.944,0.689,0.701,0.619
21,B1_2,0.588,0.852,0.848,0.829,0.98,1.0,0.981,0.825,0.881,0.863,0.952,0.963,0.943,0.707,0.702,0.629
21,B1_3,0.625,0.833,0.835,0.813,0.991,0.981,1.0,0.794,0.845,0.827,0.959,0.978,0.936,0.699,0.703,0.622
21,A2_1,0.62,0.977,0.968,0.98,0.774,0.825,0.794,1.0,0.973,0.965,0.88,0.783,0.804,0.646,0.644,0.566
21,A2_2,0.604,0.963,0.932,0.948,0.831,0.881,0.845,0.973,1.0,0.971,0.915,0.844,0.872,0.689,0.689,0.614
21,A2_3,0.627,0.95,0.956,0.973,0.826,0.863,0.827,0.965,0.971,1.0,0.874,0.822,0.83,0.731,0.739,0.66
21,B2_1,0.678,0.908,0.875,0.869,0.943,0.952,0.959,0.88,0.915,0.874,1.0,0.966,0.964,0.678,0.676,0.608
21,B2_2,0.637,0.82,0.797,0.791,0.982,0.963,0.978,0.783,0.844,0.822,0.966,1.0,0.97,0.676,0.691,0.618
21,B2_3,0.642,0.832,0.776,0.785,0.944,0.943,0.936,0.804,0.872,0.83,0.964,0.97,1.0,0.671,0.669,0.616
21,y1,0.87,0.672,0.703,0.693,0.689,0.707,0.699,0.646,0.689,0.731,0.678,0.676,0.671,1.0,0.988,0.979
21,y2,0.87,0.665,0.704,0.697,0.701,0.702,0.703,0.644,0.689,0.739,0.676,0.691,0.669,0.988,1.0,0.972
21,y3,0.858,0.588,0.613,0.612,0.619,0.629,0.622,0.566,0.614,0.66,0.608,0.618,0.616,0.979,0.972,1.0
22,.,1.0,0.621,0.638,0.63,0.595,0.577,0.621,0.599,0.588,0.598,0.636,0.612,0.611,0.85,0.849,0.83
22,A1_1,0.621,1.0,0.965,0.975,0.796,0.853,0.822,0.977,0.971,0.969,0.899,0.818,0.832,0.663,0.654,0.563
22,A1_2,0.638,0.965,1.0,0.989,0.793,0.841,0.815,0.968,0.933,0.968,0.851,0.779,0.759,0.696,0.695,0.591
22,A1_3,0.63,0.975,0.989,1.0,0.777,0.823,0.794,0.982,0.951,0.982,0.853,0.776,0.774,0.68,0.682,0.583
22,B1_1,0.595,0.796,0.793,0.777,1.0,0.977,0.989,0.759,0.807,0.792,0.952,0.98,0.938,0.674,0.68,0.586
22,B1_2,0.577,0.853,0.841,0.823,0.977,1.0,0.98,0.817,0.869,0.847,0.962,0.96,0.938,0.691,0.678,0.597
22,B1_3,0.621,0.822,0.815,0.794,0.989,0.98,1.0,0.775,0.831,0.802,0.959,0.972,0.93,0.693,0.69,0.6
22,A2_1,0.599,0.977,0.968,0.982,0.759,0.817,0.775,1.0,0.976,0.986,0.859,0.774,0.797,0.631,0.629,0.536
22,A2_2,0.588,0.971,0.933,0.951,0.807,0.869,0.831,0.976,1.0,0.977,0.905,0.829,0.86,0.663,0.658,0.571
22,A2_3,0.598,0.969,0.968,0.982,0.792,0.847,0.802,0.986,0.977,1.0,0.871,0.799,0.81,0.689,0.689,0.599
22,B2_1,0.636,0.899,0.851,0.853,0.952,0.962,0.959,0.859,0.905,0.871,1.0,0.973,0.967,0.658,0.654,0.571
22,B2_2,0.612,0.818,0.779,0.776,0.98,0.96,0.972,0.774,0.829,0.799,0.973,1.0,0.97,0.651,0.661,0.575
22,B2_3,0.611,0.832,0.759,0.774,0.938,0.938,0.93,0.797,0.86,0.81,0.967,0.97,1.0,0.638,0.631,0.563
22,y1,0.85,0.663,0.696,0.68,0.674,0.691,0.693,0.631,0.663,0.689,0.658,0.651,0.638,1.0,0.986,0.975
22,y2,0.849,0.654,0.695,0.682,0.68,0.678,0.69,0.629,0.658,0.689,0.654,0.661,0.631,0.986,1.0,0.967
22,y3,0.83,0.563,0.591,0.583,0.586,0.597,0.6,0.536,0.571,0.599,0.571,0.575,0.563,0.975,0.967,1.0
23,.,1.0,0.619,0.636,0.631,0.592,0.574,0.618,0.593,0.581,0.594,0.638,0.609,0.605,0.856,0.852,0.838
23,A1_1,0.619,1.0,0.967,0.976,0.777,0.834,0.808,0.98,0.968,0.962,0.896,0.803,0.822,0.645,0.633,0.553
23,A1_2,0.636,0.967,1.0,0.988,0.781,0.829,0.809,0.969,0.931,0.964,0.859,0.775,0.762,0.679,0.676,0.583
23,A1_3,0.631,0.976,0.988,1.0,0.764,0.811,0.787,0.982,0.949,0.978,0.857,0.771,0.775,0.665,0.666,0.577
23,B1_1,0.592,0.777,0.781,0.764,1.0,0.978,0.99,0.752,0.806,0.794,0.948,0.983,0.945,0.675,0.678,0.594
23,B1_2,0.574,0.834,0.829,0.811,0.978,1.0,0.981,0.81,0.866,0.847,0.958,0.964,0.943,0.691,0.675,0.604
23,B1_3,0.618,0.808,0.809,0.787,0.99,0.981,1.0,0.773,0.828,0.805,0.956,0.974,0.933,0.693,0.687,0.605
23,A2_1,0.593,0.98,0.969,0.982,0.752,0.81,0.773,1.0,0.975,0.982,0.867,0.77,0.8,0.618,0.612,0.53
23,A2_2,0.581,0.968,0.931,0.949,0.806,0.866,0.828,0.975,1.0,0.976,0.908,0.827,0.865,0.656,0.646,0.571
23,A2_3,0.594,0.962,0.964,0.978,0.794,0.847,0.805,0.982,0.976,1.0,0.877,0.804,0.82,0.685,0.684,0.604
23,B2_1,0.638,0.896,0.859,0.857,0.948,0.958,0.956,0.867,0.908,0.877,1.0,0.97,0.966,0.649,0.641,0.566
23,B2_2,0.609,0.803,0.775,0.771,0.983,0.964,0.974,0.77,0.827,0.804,0.97,1.0,0.972,0.651,0.657,0.58
23,B2_3,0.605,0.822,0.762,0.775,0.945,0.943,0.933,0.8,0.865,0.82,0.966,0.972,1.0,0.639,0.63,0.569
23,y1,0.856,0.645,0.679,0.665,0.675,0.691,0.693,0.618,0.656,0.685,0.649,0.651,0.639,1.0,0.985,0.976
23,y2,0.852,0.633,0.676,0.666,0.678,0.675,0.687,0.612,0.646,0.684,0.641,0.657,0.63,0.985,1.0,0.969
23,y3,0.838,0.553,0.583,0.577,0.594,0.604,0.605,0.53,0.571,0.604,0.566,0.58,0.569,0.976,0.969,1.0
24,.,1.0,0.608,0.615,0.612,0.582,0.559,0.606,0.577,0.559,0.57,0.606,0.591,0.586,0.831,0.829,0.807
24,A1_1,0.608,1.0,0.963,0.975,0.78,0.831,0.808,0.978,0.974,0.972,0.881,0.805,0.821,0.645,0.631,0.546
24,A1_2,0.615,0.963,1.0,0.988,0.779,0.822,0.805,0.963,0.931,0.968,0.836,0.768,0.75,0.674,0.668,0.569
24,A1_3,0.612,0.975,0.988,1.0,0.762,0.804,0.784,0.979,0.951,0.981,0.837,0.764,0.763,0.662,0.658,0.563
24,B1_1,0.582,0.78,0.779,0.762,1.0,0.979,0.99,0.739,0.791,0.766,0.953,0.982,0.942,0.662,0.656,0.57
24,B1_2,0.559,0.831,0.822,0.804,0.979,1.0,0.983,0.793,0.852,0.82,0.961,0.964,0.94,0.678,0.653,0.58
24,B1_3,0.606,0.808,0.805,0.784,0.99,0.983,1.0,0.76,0.817,0.784,0.957,0.971,0.93,0.68,0.666,0.583
24,A2_1,0.577,0.978,0.963,0.979,0.739,0.793,0.76,1.0,0.979,0.99,0.839,0.757,0.784,0.606,0.596,0.509
24,A2_2,0.559,0.974,0.931,0.951,0.791,0.852,0.817,0.979,1.0,0.978,0.886,0.81,0.847,0.63,0.613,0.532
24,A2_3,0.57,0.972,0.968,0.981,0.766,0.82,0.784,0.99,0.978,1.0,0.85,0.775,0.792,0.655,0.646,0.562
24,B2_1,0.606,0.881,0.836,0.837,0.953,0.961,0.957,0.839,0.886,0.85,1.0,0.975,0.968,0.631,0.618,0.538
24,B2_2,0.591,0.805,0.768,0.764,0.982,0.964,0.971,0.757,0.81,0.775,0.975,1.0,0.972,0.632,0.631,0.548
24,B2_3,0.586,0.821,0.75,0.763,0.942,0.94,0.93,0.784,0.847,0.792,0.968,0.972,1.0,0.617,0.602,0.533
24,y1,0.831,0.645,0.674,0.662,0.662,0.678,0.68,0.606,0.63,0.655,0.631,0.632,0.617,1.0,0.985,0.974
24,y2,0.829,0.631,0.668,0.658,0.656,0.653,0.666,0.596,0.613,0.646,0.618,0.631,0.602,0.985,1.0,0.968
24,y3,0.807,0.546,0.569,0.563,0.57,0.58,0.583,0.509,0.532,0.562,0.538,0.548,0.533,0.974,0.968,1.0
25,.,1.0,0.609,0.614,0.609,0.578,0.556,0.601,0.577,0.558,0.57,0.605,0.588,0.585,0.822,0.824,0.796
