,,.,A1_1,A1_2,A1_3,B1_1,B1_2,B1_3,A2_1,A2_2,A2_3,B2_1,B2_2,B2_3,y1,y2,y3
0,.,1.0,0.692,0.63,0.782,0.521,0.587,0.524,0.697,0.736,0.725,0.611,0.586,0.742,0.668,0.772,0.562
0,A1_1,0.692,1.0,0.706,0.724,0.654,0.658,0.695,0.788,0.695,0.872,0.784,0.519,0.873,0.679,0.778,0.598
0,A1_2,0.63,0.706,1.0,0.919,0.753,0.548,0.887,0.535,0.587,0.874,0.861,0.382,0.72,0.734,0.951,0.729
0,A1_3,0.782,0.724,0.919,1.0,0.831,0.487,0.854,0.562,0.589,0.815,0.829,0.373,0.784,0.823,0.925,0.736
0,B1_1,0.521,0.654,0.753,0.831,1.0,0.396,0.868,0.296,0.268,0.538,0.745,0.117,0.727,0.626,0.741,0.648
0,B1_2,0.587,0.658,0.548,0.487,0.396,1.0,0.61,0.543,0.697,0.661,0.568,0.664,0.759,0.481,0.712,0.726
0,B1_3,0.524,0.695,0.887,0.854,0.868,0.61,1.0,0.427,0.502,0.711,0.779,0.352,0.748,0.67,0.854,0.752
0,A2_1,0.697,0.788,0.535,0.562,0.296,0.543,0.427,1.0,0.709,0.795,0.683,0.821,0.77,0.688,0.658,0.37
0,A2_2,0.736,0.695,0.587,0.589,0.268,0.697,0.502,0.709,1.0,0.777,0.536,0.522,0.671,0.704,0.699,0.518
0,A2_3,0.725,0.872,0.874,0.815,0.538,0.661,0.711,0.795,0.777,1.0,0.842,0.58,0.808,0.727,0.905,0.619
0,B2_1,0.611,0.784,0.861,0.829,0.745,0.568,0.779,0.683,0.536,0.842,1.0,0.506,0.808,0.728,0.913,0.659
0,B2_2,0.586,0.519,0.382,0.373,0.117,0.664,0.352,0.821,0.522,0.58,0.506,1.0,0.593,0.425,0.543,0.435
0,B2_3,0.742,0.873,0.72,0.784,0.727,0.759,0.748,0.77,0.671,0.808,0.808,0.593,1.0,0.811,0.846,0.663
0,y1,0.668,0.679,0.734,0.823,0.626,0.481,0.67,0.688,0.704,0.727,0.728,0.425,0.811,1.0,0.796,0.688
0,y2,0.772,0.778,0.951,0.925,0.741,0.712,0.854,0.658,0.699,0.905,0.913,0.543,0.846,0.796,1.0,0.796
0,y3,0.562,0.598,0.729,0.736,0.648,0.726,0.752,0.37,0.518,0.619,0.659,0.435,0.663,0.688,0.796,1.0
1,.,1.0,0.674,0.622,0.776,0.502,0.565,0.511,0.683,0.722,0.716,0.603,0.575,0.727,0.645,0.756,0.549
1,A1_1,0.674,1.0,0.689,0.708,0.636,0.632,0.673,0.786,0.683,0.868,0.765,0.501,0.864,0.669,0.748,0.577
1,A1_2,0.622,0.689,1.0,0.918,0.743,0.519,0.885,0.527,0.591,0.867,0.859,0.359,0.716,0.724,0.951,0.717
1,A1_3,0.776,0.708,0.918,1.0,0.822,0.451,0.848,0.552,0.586,0.809,0.83,0.349,0.779,0.816,0.927,0.726
1,B1_1,0.502,0.636,0.743,0.822,1.0,0.348,0.861,0.276,0.249,0.518,0.742,0.088,0.725,0.616,0.744,0.634
1,B1_2,0.565,0.632,0.519,0.451,0.348,1.0,0.586,0.539,0.687,0.644,0.541,0.672,0.736,0.459,0.684,0.713
1,B1_3,0.511,0.673,0.885,0.848,0.861,0.586,1.0,0.411,0.497,0.7,0.778,0.332,0.741,0.663,0.861,0.753
1,A2_1,0.683,0.786,0.527,0.552,0.276,0.539,0.411,1.0,0.698,0.797,0.672,0.813,0.758,0.679,0.63,0.356
1,A2_2,0.722,0.683,0.591,0.586,0.249,0.687,0.497,0.698,1.0,0.783,0.521,0.502,0.652,0.691,0.675,0.512
1,A2_3,0.716,0.868,0.867,0.809,0.518,0.644,0.7,0.797,0.783,1.0,0.828,0.564,0.8,0.721,0.884,0.607
1,B2_1,0.603,0.765,0.859,0.83,0.742,0.541,0.778,0.672,0.521,0.828,1.0,0.491,0.808,0.718,0.914,0.648
1,B2_2,0.575,0.501,0.359,0.349,0.088,0.672,0.332,0.813,0.502,0.564,0.491,1.0,0.571,0.407,0.517,0.426
1,B2_3,0.727,0.864,0.716,0.779,0.725,0.736,0.741,0.758,0.652,0.8,0.808,0.571,1.0,0.807,0.838,0.653
1,y1,0.645,0.669,0.724,0.816,0.616,0.459,0.663,0.679,0.691,0.721,0.718,0.407,0.807,1.0,0.78,0.679
1,y2,0.756,0.748,0.951,0.927,0.744,0.684,0.861,0.63,0.675,0.884,0.914,0.517,0.838,0.78,1.0,0.797
1,y3,0.549,0.577,0.717,0.726,0.634,0.713,0.753,0.356,0.512,0.607,0.648,0.426,0.653,0.679,0.797,1.0
2,.,1.0,0.66,0.617,0.775,0.491,0.545,0.505,0.67,0.707,0.709,0.601,0.564,0.718,0.628,0.744,0.543
2,A1_1,0.66,1.0,0.671,0.692,0.614,0.614,0.651,0.786,0.676,0.866,0.745,0.494,0.856,0.66,0.72,0.559
2,A1_2,0.617,0.671,1.0,0.917,0.738,0.494,0.884,0.514,0.597,0.858,0.857,0.337,0.715,0.719,0.949,0.711
2,A1_3,0.775,0.692,0.917,1.0,0.816,0.422,0.843,0.538,0.588,0.801,0.83,0.328,0.777,0.813,0.927,0.721
2,B1_1,0.491,0.614,0.738,0.816,1.0,0.307,0.856,0.254,0.237,0.5,0.737,0.062,0.723,0.61,0.745,0.625
2,B1_2,0.545,0.614,0.494,0.422,0.307,1.0,0.563,0.541,0.678,0.633,0.523,0.682,0.716,0.445,0.661,0.703
2,B1_3,0.505,0.651,0.884,0.843,0.856,0.563,1.0,0.394,0.496,0.688,0.777,0.314,0.737,0.659,0.867,0.757
2,A2_1,0.67,0.786,0.514,0.538,0.254,0.541,0.394,1.0,0.685,0.798,0.661,0.811,0.748,0.669,0.604,0.346
2,A2_2,0.707,0.676,0.597,0.588,0.237,0.678,0.496,0.685,1.0,0.789,0.513,0.484,0.638,0.681,0.659,0.51
2,A2_3,0.709,0.866,0.858,0.801,0.5,0.633,0.688,0.798,0.789,1.0,0.816,0.556,0.798,0.717,0.865,0.599
2,B2_1,0.601,0.745,0.857,0.83,0.737,0.523,0.777,0.661,0.513,0.816,1.0,0.483,0.81,0.712,0.915,0.643
2,B2_2,0.564,0.494,0.337,0.328,0.062,0.682,0.314,0.811,0.484,0.556,0.483,1.0,0.556,0.397,0.497,0.422
2,B2_3,0.718,0.856,0.715,0.777,0.723,0.716,0.737,0.748,0.638,0.798,0.81,0.556,1.0,0.804,0.834,0.645
2,y1,0.628,0.66,0.719,0.813,0.61,0.445,0.659,0.669,0.681,0.717,0.712,0.397,0.804,1.0,0.772,0.676
2,y2,0.744,0.72,0.949,0.927,0.745,0.661,0.867,0.604,0.659,0.865,0.915,0.497,0.834,0.772,1.0,0.799
2,y3,0.543,0.559,0.711,0.721,0.625,0.703,0.757,0.346,0.51,0.599,0.643,0.422,0.645,0.676,0.799,1.0
3,.,1.0,0.652,0.626,0.782,0.494,0.535,0.513,0.657,0.696,0.71,0.611,0.556,0.714,0.617,0.739,0.543
3,A1_1,0.652,1.0,0.662,0.684,0.601,0.602,0.64,0.785,0.672,0.867,0.733,0.495,0.851,0.651,0.7,0.545
3,A1_2,0.626,0.662,1.0,0.918,0.74,0.479,0.883,0.504,0.6,0.854,0.858,0.332,0.712,0.72,0.948,0.71
3,A1_3,0.782,0.684,0.918,1.0,0.814,0.407,0.84,0.529,0.589,0.8,0.832,0.324,0.775,0.814,0.926,0.718
3,B1_1,0.494,0.601,0.74,0.814,1.0,0.285,0.853,0.239,0.232,0.496,0.734,0.056,0.719,0.613,0.751,0.625
3,B1_2,0.535,0.602,0.479,0.407,0.285,1.0,0.555,0.542,0.672,0.626,0.521,0.694,0.706,0.436,0.649,0.697
3,B1_3,0.513,0.64,0.883,0.84,0.853,0.555,1.0,0.386,0.499,0.686,0.78,0.318,0.736,0.664,0.875,0.764
3,A2_1,0.657,0.785,0.504,0.529,0.239,0.542,0.386,1.0,0.678,0.798,0.654,0.813,0.743,0.654,0.583,0.335
3,A2_2,0.696,0.672,0.6,0.589,0.232,0.672,0.499,0.678,1.0,0.794,0.514,0.477,0.63,0.675,0.646,0.506
3,A2_3,0.71,0.867,0.854,0.8,0.496,0.626,0.686,0.798,0.794,1.0,0.811,0.555,0.796,0.715,0.852,0.593
3,B2_1,0.611,0.733,0.858,0.832,0.734,0.521,0.78,0.654,0.514,0.811,1.0,0.491,0.811,0.709,0.918,0.645
3,B2_2,0.556,0.495,0.332,0.324,0.056,0.694,0.318,0.813,0.477,0.555,0.491,1.0,0.558,0.392,0.49,0.425
3,B2_3,0.714,0.851,0.712,0.775,0.719,0.706,0.736,0.743,0.63,0.796,0.811,0.558,1.0,0.799,0.829,0.639
3,y1,0.617,0.651,0.72,0.814,0.613,0.436,0.664,0.654,0.675,0.715,0.709,0.392,0.799,1.0,0.769,0.677
3,y2,0.739,0.7,0.948,0.926,0.751,0.649,0.875,0.583,0.646,0.852,0.918,0.49,0.829,0.769,1.0,0.805
3,y3,0.543,0.545,0.71,0.718,0.625,0.697,0.764,0.335,0.506,0.593,0.645,0.425,0.639,0.677,0.805,1.0
4,.,1.0,0.647,0.628,0.784,0.492,0.53,0.523,0.642,0.686,0.709,0.623,0.554,0.715,0.611,0.734,0.549
4,A1_1,0.647,1.0,0.641,0.671,0.574,0.598,0.624,0.781,0.672,0.865,0.711,0.505,0.846,0.646,0.677,0.531
4,A1_2,0.628,0.641,1.0,0.922,0.747,0.469,0.885,0.463,0.604,0.851,0.864,0.32,0.698,0.719,0.945,0.715
4,A1_3,0.784,0.671,0.922,1.0,0.815,0.401,0.841,0.497,0.598,0.804,0.838,0.318,0.767,0.815,0.925,0.723
4,B1_1,0.492,0.574,0.747,0.815,1.0,0.264,0.85,0.195,0.236,0.498,0.733,0.043,0.705,0.614,0.751,0.627
4,B1_2,0.53,0.598,0.469,0.401,0.264,1.0,0.551,0.544,0.667,0.626,0.522,0.706,0.699,0.437,0.649,0.697
4,B1_3,0.523,0.624,0.885,0.841,0.85,0.551,1.0,0.359,0.513,0.692,0.786,0.32,0.728,0.668,0.881,0.773
4,A2_1,0.642,0.781,0.463,0.497,0.195,0.544,0.359,1.0,0.661,0.774,0.619,0.821,0.732,0.631,0.546,0.317
4,A2_2,0.686,0.672,0.604,0.598,0.236,0.667,0.513,0.661,1.0,0.798,0.518,0.464,0.628,0.678,0.646,0.513
4,A2_3,0.709,0.865,0.851,0.804,0.498,0.626,0.692,0.774,0.798,1.0,0.81,0.55,0.793,0.718,0.846,0.6
4,B2_1,0.623,0.711,0.864,0.838,0.733,0.522,0.786,0.619,0.518,0.81,1.0,0.49,0.803,0.708,0.923,0.656
4,B2_2,0.554,0.505,0.32,0.318,0.043,0.706,0.32,0.821,0.464,0.55,0.49,1.0,0.569,0.396,0.488,0.434
4,B2_3,0.715,0.846,0.698,0.767,0.705,0.699,0.728,0.732,0.628,0.793,0.803,0.569,1.0,0.792,0.821,0.629
4,y1,0.611,0.646,0.719,0.815,0.614,0.437,0.668,0.631,0.678,0.718,0.708,0.396,0.792,1.0,0.771,0.683
4,y2,0.734,0.677,0.945,0.925,0.751,0.649,0.881,0.546,0.646,0.846,0.923,0.488,0.821,0.771,1.0,0.814
4,y3,0.549,0.531,0.715,0.723,0.627,0.697,0.773,0.317,0.513,0.6,0.656,0.434,0.629,0.683,0.814,1.0
5,.,1.0,0.641,0.63,0.789,0.495,0.528,0.537,0.618,0.67,0.709,0.636,0.549,0.713,0.607,0.731,0.555
5,A1_1,0.641,1.0,0.62,0.658,0.545,0.598,0.609,0.775,0.669,0.863,0.695,0.519,0.841,0.639,0.657,0.519
5,A1_2,0.63,0.62,1.0,0.925,0.755,0.459,0.887,0.412,0.591,0.848,0.867,0.309,0.672,0.719,0.942,0.718
5,A1_3,0.789,0.658,0.925,1.0,0.817,0.4,0.843,0.457,0.595,0.81,0.843,0.315,0.75,0.817,0.923,0.727
5,B1_1,0.495,0.545,0.755,0.817,1.0,0.251,0.847,0.143,0.228,0.502,0.733,0.032,0.675,0.616,0.749,0.632
5,B1_2,0.528,0.598,0.459,0.4,0.251,1.0,0.55,0.546,0.661,0.626,0.528,0.72,0.704,0.439,0.651,0.699
5,B1_3,0.537,0.609,0.887,0.843,0.847,0.55,1.0,0.323,0.514,0.699,0.791,0.323,0.712,0.672,0.885,0.781
5,A2_1,0.618,0.775,0.412,0.457,0.143,0.546,0.323,1.0,0.643,0.745,0.582,0.83,0.724,0.599,0.506,0.292
5,A2_2,0.67,0.669,0.591,0.595,0.228,0.661,0.514,0.643,1.0,0.794,0.513,0.459,0.622,0.675,0.637,0.51
5,A2_3,0.709,0.863,0.848,0.81,0.502,0.626,0.699,0.745,0.794,1.0,0.811,0.545,0.789,0.722,0.845,0.605
5,B2_1,0.636,0.695,0.867,0.843,0.733,0.528,0.791,0.582,0.513,0.811,1.0,0.494,0.792,0.709,0.926,0.664
5,B2_2,0.549,0.519,0.309,0.315,0.032,0.72,0.323,0.83,0.459,0.545,0.494,1.0,0.592,0.399,0.49,0.442
5,B2_3,0.713,0.841,0.672,0.75,0.675,0.704,0.712,0.724,0.622,0.789,0.792,0.592,1.0,0.781,0.808,0.617
5,y1,0.607,0.639,0.719,0.817,0.616,0.439,0.672,0.599,0.675,0.722,0.709,0.399,0.781,1.0,0.777,0.691
5,y2,0.731,0.657,0.942,0.923,0.749,0.651,0.885,0.506,0.637,0.845,0.926,0.49,0.808,0.777,1.0,0.821
5,y3,0.555,0.519,0.718,0.727,0.632,0.699,0.781,0.292,0.51,0.605,0.664,0.442,0.617,0.691,0.821,1.0
6,.,1.0,0.631,0.636,0.797,0.504,0.524,0.554,0.582,0.647,0.706,0.65,0.535,0.702,0.604,0.727,0.567
6,A1_1,0.631,1.0,0.596,0.641,0.514,0.602,0.597,0.767,0.663,0.862,0.688,0.537,0.833,0.627,0.635,0.504
6,A1_2,0.636,0.596,1.0,0.927,0.763,0.445,0.886,0.358,0.559,0.842,0.864,0.297,0.634,0.724,0.939,0.722
6,A1_3,0.797,0.641,0.927,1.0,0.818,0.395,0.843,0.412,0.573,0.811,0.843,0.309,0.718,0.823,0.92,0.733
6,B1_1,0.504,0.514,0.763,0.818,1.0,0.233,0.844,0.088,0.2,0.504,0.727,0.02,0.628,0.622,0.748,0.638
6,B1_2,0.524,0.602,0.445,0.395,0.233,1.0,0.547,0.551,0.658,0.626,0.536,0.736,0.716,0.44,0.649,0.694
6,B1_3,0.554,0.597,0.886,0.843,0.844,0.547,1.0,0.289,0.498,0.704,0.795,0.329,0.688,0.678,0.889,0.789
6,A2_1,0.582,0.767,0.358,0.412,0.088,0.551,0.289,1.0,0.63,0.716,0.557,0.841,0.725,0.558,0.463,0.262
6,A2_2,0.647,0.663,0.559,0.573,0.2,0.658,0.498,0.63,1.0,0.781,0.495,0.465,0.61,0.661,0.611,0.494
6,A2_3,0.706,0.862,0.842,0.811,0.504,0.626,0.704,0.716,0.781,1.0,0.815,0.545,0.781,0.727,0.841,0.607
6,B2_1,0.65,0.688,0.864,0.843,0.727,0.536,0.795,0.557,0.495,0.815,1.0,0.507,0.781,0.708,0.925,0.667
6,B2_2,0.535,0.537,0.297,0.309,0.02,0.736,0.329,0.841,0.465,0.545,0.507,1.0,0.629,0.399,0.489,0.445
6,B2_3,0.702,0.833,0.634,0.718,0.628,0.716,0.688,0.725,0.61,0.781,0.781,0.629,1.0,0.764,0.786,0.598
6,y1,0.604,0.627,0.724,0.823,0.622,0.44,0.678,0.558,0.661,0.727,0.708,0.399,0.764,1.0,0.785,0.701
6,y2,0.727,0.635,0.939,0.92,0.748,0.649,0.889,0.463,0.611,0.841,0.925,0.489,0.786,0.785,1.0,0.826
6,y3,0.567,0.504,0.722,0.733,0.638,0.694,0.789,0.262,0.494,0.607,0.667,0.445,0.598,0.701,0.826,1.0
7,.,1.0,0.619,0.644,0.803,0.514,0.525,0.573,0.541,0.616,0.704,0.665,0.525,0.682,0.599,0.725,0.581
7,A1_1,0.619,1.0,0.57,0.621,0.479,0.608,0.583,0.759,0.658,0.856,0.69,0.556,0.827,0.613,0.612,0.491
7,A1_2,0.644,0.57,1.0,0.929,0.77,0.441,0.886,0.3,0.503,0.844,0.852,0.296,0.589,0.721,0.935,0.728
7,A1_3,0.803,0.621,0.929,1.0,0.821,0.396,0.843,0.36,0.529,0.819,0.837,0.308,0.677,0.824,0.915,0.739
7,B1_1,0.514,0.479,0.77,0.821,1.0,0.224,0.839,0.027,0.147,0.518,0.716,0.012,0.571,0.625,0.744,0.642
7,B1_2,0.525,0.608,0.441,0.396,0.224,1.0,0.551,0.556,0.658,0.628,0.562,0.752,0.734,0.445,0.656,0.696
7,B1_3,0.573,0.583,0.886,0.843,0.839,0.551,1.0,0.254,0.464,0.717,0.8,0.343,0.661,0.68,0.891,0.795
7,A2_1,0.541,0.759,0.3,0.36,0.027,0.556,0.254,1.0,0.632,0.673,0.544,0.849,0.731,0.515,0.42,0.236
7,A2_2,0.616,0.658,0.503,0.529,0.147,0.658,0.464,0.632,1.0,0.752,0.465,0.487,0.598,0.633,0.568,0.466
7,A2_3,0.704,0.856,0.844,0.819,0.518,0.628,0.717,0.673,0.752,1.0,0.824,0.541,0.769,0.732,0.844,0.619
7,B2_1,0.665,0.69,0.852,0.837,0.716,0.562,0.8,0.544,0.465,0.824,1.0,0.541,0.779,0.703,0.92,0.67
7,B2_2,0.525,0.556,0.296,0.308,0.012,0.752,0.343,0.849,0.487,0.541,0.541,1.0,0.672,0.404,0.498,0.457
7,B2_3,0.682,0.827,0.589,0.677,0.571,0.734,0.661,0.731,0.598,0.769,0.779,0.672,1.0,0.745,0.76,0.583
7,y1,0.599,0.613,0.721,0.824,0.625,0.445,0.68,0.515,0.633,0.732,0.703,0.404,0.745,1.0,0.789,0.712
7,y2,0.725,0.612,0.935,0.915,0.744,0.656,0.891,0.42,0.568,0.844,0.92,0.498,0.76,0.789,1.0,0.834
7,y3,0.581,0.491,0.728,0.739,0.642,0.696,0.795,0.236,0.466,0.619,0.67,0.457,0.583,0.712,0.834,1.0
8,.,1.0,0.607,0.652,0.81,0.526,0.523,0.59,0.504,0.578,0.701,0.67,0.509,0.662,0.593,0.723,0.593
8,A1_1,0.607,1.0,0.552,0.604,0.452,0.613,0.574,0.755,0.655,0.85,0.697,0.57,0.824,0.598,0.593,0.479
8,A1_2,0.652,0.552,1.0,0.93,0.775,0.44,0.885,0.266,0.444,0.846,0.832,0.293,0.559,0.72,0.932,0.733
8,A1_3,0.81,0.604,0.93,1.0,0.822,0.397,0.842,0.324,0.476,0.822,0.82,0.303,0.645,0.823,0.911,0.744
8,B1_1,0.526,0.452,0.775,0.822,1.0,0.219,0.835,-0.012,0.088,0.524,0.694,0.005,0.533,0.627,0.743,0.648
8,B1_2,0.523,0.613,0.44,0.397,0.219,1.0,0.556,0.562,0.654,0.63,0.592,0.763,0.743,0.446,0.661,0.695
8,B1_3,0.59,0.574,0.885,0.842,0.835,0.556,1.0,0.235,0.423,0.724,0.798,0.353,0.645,0.681,0.894,0.799
8,A2_1,0.504,0.755,0.266,0.324,-0.012,0.562,0.235,1.0,0.647,0.645,0.555,0.855,0.738,0.482,0.391,0.216
8,A2_2,0.578,0.655,0.444,0.476,0.088,0.654,0.423,0.647,1.0,0.719,0.435,0.51,0.587,0.599,0.518,0.428
8,A2_3,0.701,0.85,0.846,0.822,0.524,0.63,0.724,0.645,0.719,1.0,0.828,0.54,0.757,0.731,0.843,0.626
8,B2_1,0.67,0.697,0.832,0.82,0.694,0.592,0.798,0.555,0.435,0.828,1.0,0.579,0.787,0.693,0.911,0.666
8,B2_2,0.509,0.57,0.293,0.303,0.005,0.763,0.353,0.855,0.51,0.54,0.579,1.0,0.696,0.403,0.501,0.459
8,B2_3,0.662,0.824,0.559,0.645,0.533,0.743,0.645,0.738,0.587,0.757,0.787,0.696,1.0,0.727,0.739,0.568
8,y1,0.593,0.598,0.72,0.823,0.627,0.446,0.681,0.482,0.599,0.731,0.693,0.403,0.727,1.0,0.792,0.719
8,y2,0.723,0.593,0.932,0.911,0.743,0.661,0.894,0.391,0.518,0.843,0.911,0.501,0.739,0.792,1.0,0.84
8,y3,0.593,0.479,0.733,0.744,0.648,0.695,0.799,0.216,0.428,0.626,0.666,0.459,0.568,0.719,0.84,1.0
9,.,1.0,0.593,0.664,0.818,0.543,0.525,0.611,0.457,0.496,0.698,0.669,0.492,0.617,0.589,0.72,0.611
9,A1_1,0.593,1.0,0.534,0.588,0.424,0.623,0.567,0.748,0.642,0.842,0.711,0.587,0.824,0.578,0.575,0.467
9,A1_2,0.664,0.534,1.0,0.932,0.783,0.443,0.885,0.227,0.321,0.85,0.797,0.296,0.485,0.721,0.928,0.74
9,A1_3,0.818,0.588,0.932,1.0,0.827,0.404,0.844,0.285,0.362,0.83,0.79,0.303,0.578,0.825,0.906,0.753
9,B1_1,0.543,0.424,0.783,0.827,1.0,0.218,0.832,-0.056,-0.033,0.539,0.651,-0.001,0.46,0.636,0.741,0.655
9,B1_2,0.525,0.623,0.443,0.404,0.218,1.0,0.563,0.57,0.642,0.635,0.637,0.776,0.749,0.447,0.671,0.694
9,B1_3,0.611,0.567,0.885,0.844,0.832,0.563,1.0,0.217,0.329,0.738,0.786,0.365,0.601,0.684,0.896,0.803
9,A2_1,0.457,0.748,0.227,0.285,-0.056,0.57,0.217,1.0,0.69,0.606,0.585,0.862,0.758,0.437,0.362,0.195
9,A2_2,0.496,0.642,0.321,0.362,-0.033,0.642,0.329,0.69,1.0,0.641,0.38,0.555,0.571,0.522,0.417,0.346
9,A2_3,0.698,0.842,0.85,0.83,0.539,0.635,0.738,0.606,0.641,1.0,0.83,0.539,0.718,0.733,0.846,0.639
9,B2_1,0.669,0.711,0.797,0.79,0.651,0.637,0.786,0.585,0.38,0.83,1.0,0.64,0.783,0.674,0.891,0.654
9,B2_2,0.492,0.587,0.296,0.303,-0.001,0.776,0.365,0.862,0.555,0.539,0.64,1.0,0.731,0.397,0.507,0.461
9,B2_3,0.617,0.824,0.485,0.578,0.46,0.749,0.601,0.758,0.571,0.718,0.783,0.731,1.0,0.681,0.684,0.526
9,y1,0.589,0.578,0.721,0.825,0.636,0.447,0.684,0.437,0.522,0.733,0.674,0.397,0.681,1.0,0.797,0.729
9,y2,0.72,0.575,0.928,0.906,0.741,0.671,0.896,0.362,0.417,0.846,0.891,0.507,0.684,0.797,1.0,0.846
9,y3,0.611,0.467,0.74,0.753,0.655,0.694,0.803,0.195,0.346,0.639,0.654,0.461,0.526,0.729,0.846,1.0
10,.,1.0,0.577,0.681,0.829,0.567,0.525,0.632,0.412,0.405,0.691,0.66,0.472,0.547,0.591,0.719,0.63
10,A1_1,0.577,1.0,0.524,0.576,0.404,0.634,0.562,0.745,0.63,0.858,0.726,0.602,0.811,0.557,0.56,0.454
10,A1_2,0.681,0.524,1.0,0.933,0.787,0.451,0.886,0.206,0.21,0.829,0.749,0.302,0.389,0.726,0.925,0.748
10,A1_3,0.829,0.576,0.933,1.0,0.831,0.413,0.845,0.258,0.255,0.813,0.746,0.304,0.485,0.831,0.903,0.763
10,B1_1,0.567,0.404,0.787,0.831,1.0,0.225,0.829,-0.083,-0.142,0.521,0.594,-0.001,0.363,0.652,0.745,0.669
10,B1_2,0.525,0.634,0.451,0.413,0.225,1.0,0.574,0.578,0.626,0.657,0.678,0.787,0.753,0.447,0.678,0.69
10,B1_3,0.632,0.562,0.886,0.845,0.829,0.574,1.0,0.209,0.24,0.73,0.763,0.378,0.537,0.691,0.9,0.808
10,A2_1,0.412,0.745,0.206,0.258,-0.083,0.578,0.209,1.0,0.732,0.624,0.632,0.868,0.786,0.392,0.336,0.174
10,A2_2,0.405,0.63,0.21,0.255,-0.142,0.626,0.24,0.732,1.0,0.595,0.358,0.597,0.576,0.433,0.321,0.264
10,A2_3,0.691,0.858,0.829,0.813,0.521,0.657,0.73,0.624,0.595,1.0,0.822,0.577,0.687,0.728,0.83,0.632
10,B2_1,0.66,0.726,0.749,0.746,0.594,0.678,0.763,0.632,0.358,0.822,1.0,0.701,0.769,0.638,0.855,0.625
10,B2_2,0.472,0.602,0.302,0.304,-0.001,0.787,0.378,0.868,0.597,0.577,0.701,1.0,0.768,0.384,0.507,0.456
10,B2_3,0.547,0.811,0.389,0.485,0.363,0.753,0.537,0.786,0.576,0.687,0.769,0.768,1.0,0.613,0.606,0.469
10,y1,0.591,0.557,0.726,0.831,0.652,0.447,0.691,0.392,0.433,0.728,0.638,0.384,0.613,1.0,0.807,0.744
10,y2,0.719,0.56,0.925,0.903,0.745,0.678,0.9,0.336,0.321,0.83,0.855,0.507,0.606,0.807,1.0,0.855
10,y3,0.63,0.454,0.748,0.763,0.669,0.69,0.808,0.174,0.264,0.632,0.625,0.456,0.469,0.744,0.855,1.0
11,.,1.0,0.553,0.704,0.843,0.596,0.52,0.654,0.36,0.32,0.665,0.63,0.439,0.473,0.604,0.723,0.645
11,A1_1,0.553,1.0,0.514,0.564,0.386,0.643,0.561,0.745,0.625,0.891,0.731,0.621,0.793,0.531,0.544,0.433
11,A1_2,0.704,0.514,1.0,0.935,0.793,0.457,0.886,0.192,0.137,0.761,0.69,0.292,0.319,0.739,0.928,0.754
11,A1_3,0.843,0.564,0.935,1.0,0.835,0.421,0.845,0.241,0.181,0.757,0.691,0.294,0.414,0.843,0.905,0.769
11,B1_1,0.596,0.386,0.793,0.835,1.0,0.232,0.826,-0.099,-0.212,0.444,0.528,-0.006,0.29,0.676,0.754,0.684
11,B1_2,0.52,0.643,0.457,0.421,0.232,1.0,0.585,0.587,0.612,0.687,0.709,0.787,0.754,0.445,0.675,0.681
11,B1_3,0.654,0.561,0.886,0.845,0.826,0.585,1.0,0.211,0.188,0.686,0.728,0.383,0.494,0.705,0.905,0.812
11,A2_1,0.36,0.745,0.192,0.241,-0.099,0.587,0.211,1.0,0.758,0.704,0.682,0.881,0.803,0.348,0.31,0.149
11,A2_2,0.32,0.625,0.137,0.181,-0.212,0.612,0.188,0.758,1.0,0.623,0.364,0.627,0.592,0.353,0.253,0.199
11,A2_3,0.665,0.891,0.761,0.757,0.444,0.687,0.686,0.704,0.623,1.0,0.806,0.647,0.702,0.696,0.776,0.58
11,B2_1,0.63,0.731,0.69,0.691,0.528,0.709,0.728,0.682,0.364,0.806,1.0,0.753,0.772,0.594,0.8,0.581
11,B2_2,0.439,0.621,0.292,0.294,-0.006,0.787,0.383,0.881,0.627,0.647,0.753,1.0,0.795,0.358,0.48,0.427
11,B2_3,0.473,0.793,0.319,0.414,0.29,0.754,0.494,0.803,0.592,0.702,0.772,0.795,1.0,0.55,0.537,0.423
11,y1,0.604,0.531,0.739,0.843,0.676,0.445,0.705,0.348,0.353,0.696,0.594,0.358,0.55,1.0,0.824,0.764
11,y2,0.723,0.544,0.928,0.905,0.754,0.675,0.905,0.31,0.253,0.776,0.8,0.48,0.537,0.824,1.0,0.866
11,y3,0.645,0.433,0.754,0.769,0.684,0.681,0.812,0.149,0.199,0.58,0.581,0.427,0.423,0.764,0.866,1.0
12,.,1.0,0.548,0.721,0.851,0.617,0.524,0.669,0.347,0.296,0.64,0.624,0.422,0.455,0.617,0.729,0.656
12,A1_1,0.548,1.0,0.521,0.569,0.39,0.649,0.565,0.747,0.628,0.907,0.73,0.631,0.786,0.524,0.544,0.431
12,A1_2,0.721,0.521,1.0,0.937,0.799,0.472,0.89,0.205,0.136,0.709,0.678,0.285,0.318,0.754,0.933,0.761
12,A1_3,0.851,0.569,0.937,1.0,0.84,0.435,0.848,0.25,0.177,0.711,0.678,0.29,0.41,0.857,0.909,0.776
12,B1_1,0.617,0.39,0.799,0.84,1.0,0.247,0.827,-0.088,-0.215,0.387,0.513,-0.004,0.284,0.696,0.764,0.694
12,B1_2,0.524,0.649,0.472,0.435,0.247,1.0,0.598,0.594,0.609,0.701,0.725,0.78,0.758,0.449,0.678,0.682
12,B1_3,0.669,0.565,0.89,0.848,0.827,0.598,1.0,0.226,0.189,0.648,0.72,0.382,0.496,0.721,0.91,0.818
12,A2_1,0.347,0.747,0.205,0.25,-0.088,0.594,0.226,1.0,0.764,0.762,0.702,0.892,0.805,0.334,0.309,0.152
12,A2_2,0.296,0.628,0.136,0.177,-0.215,0.609,0.189,0.764,1.0,0.671,0.377,0.638,0.596,0.329,0.245,0.188
12,A2_3,0.64,0.907,0.709,0.711,0.387,0.701,0.648,0.762,0.671,1.0,0.794,0.688,0.728,0.664,0.73,0.538
12,B2_1,0.624,0.73,0.678,0.678,0.513,0.725,0.72,0.702,0.377,0.794,1.0,0.767,0.78,0.583,0.78,0.572
12,B2_2,0.422,0.631,0.285,0.29,-0.004,0.78,0.382,0.892,0.638,0.688,0.767,1.0,0.806,0.342,0.457,0.409
12,B2_3,0.455,0.786,0.318,0.41,0.284,0.758,0.496,0.805,0.596,0.728,0.78,0.806,1.0,0.534,0.526,0.421
12,y1,0.617,0.524,0.754,0.857,0.696,0.449,0.721,0.334,0.329,0.664,0.583,0.342,0.534,1.0,0.839,0.778
12,y2,0.729,0.544,0.933,0.909,0.764,0.678,0.91,0.309,0.245,0.73,0.78,0.457,0.526,0.839,1.0,0.875
12,y3,0.656,0.431,0.761,0.776,0.694,0.682,0.818,0.152,0.188,0.538,0.572,0.409,0.421,0.778,0.875,1.0
13,.,1.0,0.533,0.736,0.859,0.638,0.524,0.684,0.32,0.253,0.584,0.601,0.389,0.422,0.63,0.733,0.665
13,A1_1,0.533,1.0,0.519,0.564,0.381,0.655,0.564,0.749,0.631,0.916,0.728,0.639,0.777,0.509,0.537,0.423
13,A1_2,0.736,0.519,1.0,0.938,0.803,0.483,0.892,0.206,0.118,0.623,0.649,0.258,0.3,0.767,0.935,0.764
13,A1_3,0.859,0.564,0.938,1.0,0.843,0.446,0.849,0.247,0.155,0.631,0.649,0.268,0.388,0.867,0.911,0.779
13,B1_1,0.638,0.381,0.803,0.843,1.0,0.258,0.825,-0.088,-0.234,0.289,0.481,-0.017,0.263,0.716,0.77,0.703
13,B1_2,0.524,0.655,0.483,0.446,0.258,1.0,0.611,0.601,0.601,0.71,0.743,0.769,0.76,0.45,0.68,0.682
13,B1_3,0.684,0.564,0.892,0.849,0.825,0.611,1.0,0.236,0.178,0.582,0.703,0.37,0.489,0.734,0.913,0.822
13,A2_1,0.32,0.749,0.206,0.247,-0.088,0.601,0.236,1.0,0.774,0.828,0.726,0.904,0.811,0.308,0.298,0.148
13,A2_2,0.253,0.631,0.118,0.155,-0.234,0.601,0.178,0.774,1.0,0.725,0.392,0.65,0.605,0.287,0.225,0.166
13,A2_3,0.584,0.916,0.623,0.631,0.289,0.71,0.582,0.828,0.725,1.0,0.775,0.738,0.753,0.597,0.653,0.472
13,B2_1,0.601,0.728,0.649,0.649,0.481,0.743,0.703,0.726,0.392,0.775,1.0,0.784,0.791,0.56,0.745,0.552
13,B2_2,0.389,0.639,0.258,0.268,-0.017,0.769,0.37,0.904,0.65,0.738,0.784,1.0,0.822,0.31,0.419,0.379
13,B2_3,0.422,0.777,0.3,0.388,0.263,0.76,0.489,0.811,0.605,0.753,0.791,0.822,1.0,0.505,0.5,0.411
13,y1,0.63,0.509,0.767,0.867,0.716,0.45,0.734,0.308,0.287,0.597,0.56,0.31,0.505,1.0,0.854,0.793
13,y2,0.733,0.537,0.935,0.911,0.77,0.68,0.913,0.298,0.225,0.653,0.745,0.419,0.5,0.854,1.0,0.884
13,y3,0.665,0.423,0.764,0.779,0.703,0.682,0.822,0.148,0.166,0.472,0.552,0.379,0.411,0.793,0.884,1.0
14,.,1.0,0.509,0.748,0.863,0.658,0.524,0.697,0.284,0.2,0.504,0.563,0.347,0.382,0.642,0.735,0.678
14,A1_1,0.509,1.0,0.508,0.548,0.362,0.661,0.559,0.751,0.635,0.908,0.728,0.647,0.768,0.487,0.526,0.411
14,A1_2,0.748,0.508,1.0,0.94,0.808,0.496,0.893,0.197,0.086,0.517,0.606,0.224,0.272,0.775,0.935,0.766
14,A1_3,0.863,0.548,0.94,1.0,0.849,0.455,0.85,0.228,0.116,0.525,0.604,0.233,0.353,0.875,0.911,0.784
14,B1_1,0.658,0.362,0.808,0.849,1.0,0.267,0.822,-0.102,-0.267,0.171,0.432,-0.043,0.23,0.733,0.771,0.709
14,B1_2,0.524,0.661,0.496,0.455,0.267,1.0,0.624,0.603,0.587,0.708,0.76,0.754,0.755,0.452,0.685,0.684
14,B1_3,0.697,0.559,0.893,0.85,0.822,0.624,1.0,0.238,0.158,0.5,0.675,0.35,0.475,0.741,0.913,0.825
14,A2_1,0.284,0.751,0.197,0.228,-0.102,0.603,0.238,1.0,0.786,0.88,0.753,0.913,0.814,0.274,0.284,0.14
14,A2_2,0.2,0.635,0.086,0.116,-0.267,0.587,0.158,0.786,1.0,0.774,0.412,0.666,0.613,0.237,0.197,0.138
14,A2_3,0.504,0.908,0.517,0.525,0.171,0.708,0.5,0.88,0.774,1.0,0.755,0.785,0.768,0.505,0.56,0.395
14,B2_1,0.563,0.728,0.606,0.604,0.432,0.76,0.675,0.753,0.412,0.755,1.0,0.802,0.804,0.524,0.701,0.524
14,B2_2,0.347,0.647,0.224,0.233,-0.043,0.754,0.35,0.913,0.666,0.785,0.802,1.0,0.837,0.269,0.377,0.345
14,B2_3,0.382,0.768,0.272,0.353,0.23,0.755,0.475,0.814,0.613,0.768,0.804,0.837,1.0,0.467,0.47,0.397
14,y1,0.642,0.487,0.775,0.875,0.733,0.452,0.741,0.274,0.237,0.505,0.524,0.269,0.467,1.0,0.866,0.806
14,y2,0.735,0.526,0.935,0.911,0.771,0.685,0.913,0.284,0.197,0.56,0.701,0.377,0.47,0.866,1.0,0.891
14,y3,0.678,0.411,0.766,0.784,0.709,0.684,0.825,0.14,0.138,0.395,0.524,0.345,0.397,0.806,0.891,1.0
15,.,1.0,0.497,0.754,0.865,0.669,0.526,0.703,0.271,0.178,0.469,0.547,0.334,0.366,0.65,0.738,0.687
15,A1_1,0.497,1.0,0.504,0.539,0.352,0.666,0.557,0.754,0.641,0.903,0.726,0.654,0.764,0.476,0.522,0.408
15,A1_2,0.754,0.504,1.0,0.94,0.811,0.504,0.894,0.201,0.08,0.48,0.593,0.219,0.267,0.779,0.934,0.767
15,A1_3,0.865,0.539,0.94,1.0,0.853,0.461,0.85,0.225,0.104,0.485,0.587,0.225,0.342,0.879,0.911,0.787
15,B1_1,0.669,0.352,0.811,0.853,1.0,0.276,0.82,-0.101,-0.274,0.131,0.417,-0.044,0.221,0.74,0.774,0.715
15,B1_2,0.526,0.666,0.504,0.461,0.276,1.0,0.634,0.609,0.582,0.704,0.769,0.752,0.757,0.454,0.688,0.686
15,B1_3,0.703,0.557,0.894,0.85,0.82,0.634,1.0,0.249,0.159,0.473,0.671,0.354,0.478,0.746,0.915,0.828
15,A2_1,0.271,0.754,0.201,0.225,-0.101,0.609,0.249,1.0,0.789,0.895,0.765,0.918,0.817,0.265,0.288,0.145
15,A2_2,0.178,0.641,0.08,0.104,-0.274,0.582,0.159,0.789,1.0,0.792,0.422,0.672,0.616,0.218,0.192,0.13
15,A2_3,0.469,0.903,0.48,0.485,0.131,0.704,0.473,0.895,0.792,1.0,0.746,0.8,0.769,0.47,0.527,0.369
15,B2_1,0.547,0.726,0.593,0.587,0.417,0.769,0.671,0.765,0.422,0.746,1.0,0.811,0.813,0.512,0.688,0.519
15,B2_2,0.334,0.654,0.219,0.225,-0.044,0.752,0.354,0.918,0.672,0.8,0.811,1.0,0.844,0.257,0.37,0.34
15,B2_3,0.366,0.764,0.267,0.342,0.221,0.757,0.478,0.817,0.616,0.769,0.813,0.844,1.0,0.454,0.468,0.399
15,y1,0.65,0.476,0.779,0.879,0.74,0.454,0.746,0.265,0.218,0.47,0.512,0.257,0.454,1.0,0.872,0.812
15,y2,0.738,0.522,0.934,0.911,0.774,0.688,0.915,0.288,0.192,0.527,0.688,0.37,0.468,0.872,1.0,0.894
15,y3,0.687,0.408,0.767,0.787,0.715,0.686,0.828,0.145,0.13,0.369,0.519,0.34,0.399,0.812,0.894,1.0
16,.,1.0,0.478,0.759,0.866,0.678,0.527,0.707,0.251,0.147,0.427,0.522,0.315,0.343,0.656,0.739,0.694
16,A1_1,0.478,1.0,0.492,0.522,0.331,0.669,0.55,0.757,0.649,0.896,0.724,0.661,0.759,0.459,0.512,0.399
16,A1_2,0.759,0.492,1.0,0.941,0.812,0.51,0.893,0.194,0.061,0.433,0.568,0.207,0.252,0.78,0.932,0.767
16,A1_3,0.866,0.522,0.941,1.0,0.856,0.464,0.848,0.21,0.079,0.434,0.559,0.208,0.319,0.881,0.91,0.789
16,B1_1,0.678,0.331,0.812,0.856,1.0,0.282,0.817,-0.111,-0.293,0.079,0.39,-0.054,0.203,0.746,0.775,0.717
16,B1_2,0.527,0.669,0.51,0.464,0.282,1.0,0.643,0.611,0.572,0.699,0.778,0.749,0.755,0.456,0.693,0.689
16,B1_3,0.707,0.55,0.893,0.848,0.817,0.643,1.0,0.252,0.15,0.439,0.659,0.352,0.475,0.748,0.916,0.83
16,A2_1,0.251,0.757,0.194,0.21,-0.111,0.611,0.252,1.0,0.795,0.908,0.778,0.921,0.82,0.249,0.284,0.144
16,A2_2,0.147,0.649,0.061,0.079,-0.293,0.572,0.15,0.795,1.0,0.809,0.433,0.68,0.621,0.191,0.177,0.116
16,A2_3,0.427,0.896,0.433,0.434,0.079,0.699,0.439,0.908,0.809,1.0,0.738,0.816,0.769,0.427,0.488,0.338
16,B2_1,0.522,0.724,0.568,0.559,0.39,0.778,0.659,0.778,0.433,0.738,1.0,0.824,0.822,0.492,0.668,0.507
16,B2_2,0.315,0.661,0.207,0.208,-0.054,0.749,0.352,0.921,0.68,0.816,0.824,1.0,0.852,0.242,0.36,0.331
16,B2_3,0.343,0.759,0.252,0.319,0.203,0.755,0.475,0.82,0.621,0.769,0.822,0.852,1.0,0.436,0.458,0.395
16,y1,0.656,0.459,0.78,0.881,0.746,0.456,0.748,0.249,0.191,0.427,0.492,0.242,0.436,1.0,0.877,0.817
16,y2,0.739,0.512,0.932,0.91,0.775,0.693,0.916,0.284,0.177,0.488,0.668,0.36,0.458,0.877,1.0,0.896
16,y3,0.694,0.399,0.767,0.789,0.717,0.689,0.83,0.144,0.116,0.338,0.507,0.331,0.395,0.817,0.896,1.0
17,.,1.0,0.472,0.762,0.867,0.685,0.528,0.71,0.248,0.141,0.415,0.517,0.314,0.341,0.661,0.742,0.698
17,A1_1,0.472,1.0,0.491,0.519,0.329,0.671,0.548,0.759,0.654,0.894,0.723,0.664,0.759,0.454,0.509,0.398
17,A1_2,0.762,0.491,1.0,0.941,0.815,0.517,0.895,0.201,0.065,0.426,0.567,0.213,0.258,0.782,0.932,0.768
17,A1_3,0.867,0.519,0.941,1.0,0.859,0.469,0.848,0.214,0.08,0.424,0.555,0.211,0.322,0.884,0.911,0.791
17,B1_1,0.685,0.329,0.815,0.859,1.0,0.29,0.816,-0.103,-0.289,0.072,0.389,-0.046,0.206,0.751,0.779,0.722
17,B1_2,0.528,0.671,0.517,0.469,0.29,1.0,0.65,0.615,0.57,0.697,0.782,0.75,0.759,0.458,0.695,0.691
17,B1_3,0.71,0.548,0.895,0.848,0.816,0.65,1.0,0.262,0.156,0.435,0.66,0.362,0.482,0.751,0.919,0.832
17,A2_1,0.248,0.759,0.201,0.214,-0.103,0.615,0.262,1.0,0.796,0.912,0.784,0.923,0.821,0.249,0.289,0.149
17,A2_2,0.141,0.654,0.065,0.08,-0.289,0.57,0.156,0.796,1.0,0.815,0.438,0.681,0.622,0.186,0.178,0.115
17,A2_3,0.415,0.894,0.426,0.424,0.072,0.697,0.435,0.912,0.815,1.0,0.736,0.819,0.77,0.416,0.479,0.331
17,B2_1,0.517,0.723,0.567,0.555,0.389,0.782,0.66,0.784,0.438,0.736,1.0,0.829,0.827,0.49,0.665,0.507
17,B2_2,0.314,0.664,0.213,0.211,-0.046,0.75,0.362,0.923,0.681,0.819,0.829,1.0,0.854,0.242,0.363,0.333
17,B2_3,0.341,0.759,0.258,0.322,0.206,0.759,0.482,0.821,0.622,0.77,0.827,0.854,1.0,0.436,0.463,0.399
17,y1,0.661,0.454,0.782,0.884,0.751,0.458,0.751,0.249,0.186,0.416,0.49,0.242,0.436,1.0,0.879,0.82
17,y2,0.742,0.509,0.932,0.911,0.779,0.695,0.919,0.289,0.178,0.479,0.665,0.363,0.463,0.879,1.0,0.898
17,y3,0.698,0.398,0.768,0.791,0.722,0.691,0.832,0.149,0.115,0.331,0.507,0.333,0.399,0.82,0.898,1.0
18,.,1.0,0.459,0.765,0.869,0.693,0.529,0.713,0.239,0.123,0.393,0.504,0.305,0.33,0.667,0.744,0.704
18,A1_1,0.459,1.0,0.484,0.505,0.316,0.673,0.542,0.762,0.661,0.891,0.722,0.669,0.76,0.444,0.501,0.391
18,A1_2,0.765,0.484,1.0,0.941,0.817,0.524,0.895,0.202,0.058,0.406,0.556,0.212,0.256,0.784,0.931,0.769
18,A1_3,0.869,0.505,0.941,1.0,0.863,0.472,0.847,0.205,0.065,0.397,0.537,0.201,0.311,0.887,0.91,0.794
18,B1_1,0.693,0.316,0.817,0.863,1.0,0.298,0.814,-0.105,-0.297,0.05,0.374,-0.049,0.198,0.756,0.781,0.726
18,B1_2,0.529,0.673,0.524,0.472,0.298,1.0,0.659,0.617,0.562,0.694,0.787,0.749,0.759,0.461,0.7,0.694
18,B1_3,0.713,0.542,0.895,0.847,0.814,0.659,1.0,0.268,0.154,0.422,0.656,0.366,0.484,0.753,0.92,0.834
18,A2_1,0.239,0.762,0.202,0.205,-0.105,0.617,0.268,1.0,0.799,0.917,0.793,0.925,0.825,0.243,0.289,0.151
18,A2_2,0.123,0.661,0.058,0.065,-0.297,0.562,0.154,0.799,1.0,0.824,0.447,0.685,0.626,0.171,0.17,0.106
18,A2_3,0.393,0.891,0.406,0.397,0.05,0.694,0.422,0.917,0.824,1.0,0.736,0.827,0.772,0.396,0.461,0.317
18,B2_1,0.504,0.722,0.556,0.537,0.374,0.787,0.656,0.793,0.447,0.736,1.0,0.837,0.834,0.48,0.655,0.501
18,B2_2,0.305,0.669,0.212,0.201,-0.049,0.749,0.366,0.925,0.685,0.827,0.837,1.0,0.858,0.235,0.361,0.331
18,B2_3,0.33,0.76,0.256,0.311,0.198,0.759,0.484,0.825,0.626,0.772,0.834,0.858,1.0,0.427,0.462,0.399
18,y1,0.667,0.444,0.784,0.887,0.756,0.461,0.753,0.243,0.171,0.396,0.48,0.235,0.427,1.0,0.883,0.822
18,y2,0.744,0.501,0.931,0.91,0.781,0.7,0.92,0.289,0.17,0.461,0.655,0.361,0.462,0.883,1.0,0.9
18,y3,0.704,0.391,0.769,0.794,0.726,0.694,0.834,0.151,0.106,0.317,0.501,0.331,0.399,0.822,0.9,1.0
19,.,1.0,0.447,0.769,0.87,0.7,0.532,0.715,0.233,0.111,0.377,0.494,0.299,0.322,0.673,0.747,0.71
19,A1_1,0.447,1.0,0.476,0.492,0.305,0.676,0.538,0.766,0.669,0.89,0.72,0.674,0.759,0.435,0.494,0.388
19,A1_2,0.769,0.476,1.0,0.941,0.82,0.531,0.895,0.204,0.055,0.394,0.55,0.212,0.257,0.785,0.93,0.769
19,A1_3,0.87,0.492,0.941,1.0,0.866,0.476,0.846,0.2,0.056,0.379,0.526,0.195,0.304,0.888,0.91,0.796
19,B1_1,0.7,0.305,0.82,0.866,1.0,0.307,0.811,-0.104,-0.299,0.036,0.367,-0.048,0.196,0.76,0.783,0.729
19,B1_2,0.532,0.676,0.531,0.476,0.307,1.0,0.669,0.619,0.557,0.691,0.792,0.748,0.76,0.466,0.705,0.698
19,B1_3,0.715,0.538,0.895,0.846,0.811,0.669,1.0,0.278,0.158,0.417,0.657,0.373,0.49,0.755,0.921,0.836
19,A2_1,0.233,0.766,0.204,0.2,-0.104,0.619,0.278,1.0,0.799,0.92,0.799,0.927,0.826,0.241,0.293,0.156
19,A2_2,0.111,0.669,0.055,0.056,-0.299,0.557,0.158,0.799,1.0,0.83,0.452,0.686,0.627,0.161,0.166,0.102
19,A2_3,0.377,0.89,0.394,0.379,0.036,0.691,0.417,0.92,0.83,1.0,0.733,0.829,0.771,0.382,0.45,0.31
19,B2_1,0.494,0.72,0.55,0.526,0.367,0.792,0.657,0.799,0.452,0.733,1.0,0.842,0.839,0.476,0.65,0.501
19,B2_2,0.299,0.674,0.212,0.195,-0.048,0.748,0.373,0.927,0.686,0.829,0.842,1.0,0.86,0.231,0.361,0.331
19,B2_3,0.322,0.759,0.257,0.304,0.196,0.76,0.49,0.826,0.627,0.771,0.839,0.86,1.0,0.424,0.463,0.403
19,y1,0.673,0.435,0.785,0.888,0.76,0.466,0.755,0.241,0.161,0.382,0.476,0.231,0.424,1.0,0.886,0.825
19,y2,0.747,0.494,0.93,0.91,0.783,0.705,0.921,0.293,0.166,0.45,0.65,0.361,0.463,0.886,1.0,0.902
19,y3,0.71,0.388,0.769,0.796,0.729,0.698,0.836,0.156,0.102,0.31,0.501,0.331,0.403,0.825,0.902,1.0
20,.,1.0,0.432,0.773,0.872,0.708,0.534,0.716,0.226,0.097,0.36,0.482,0.29,0.311,0.68,0.751,0.716
20,A1_1,0.432,1.0,0.466,0.474,0.29,0.676,0.531,0.77,0.679,0.89,0.718,0.678,0.76,0.424,0.484,0.38
20,A1_2,0.773,0.466,1.0,0.941,0.821,0.538,0.895,0.206,0.052,0.38,0.542,0.21,0.255,0.787,0.928,0.768
20,A1_3,0.872,0.474,0.941,1.0,0.87,0.479,0.843,0.192,0.044,0.357,0.509,0.183,0.293,0.891,0.908,0.797
20,B1_1,0.708,0.29,0.821,0.87,1.0,0.316,0.807,-0.103,-0.303,0.021,0.355,-0.051,0.19,0.764,0.785,0.732
20,B1_2,0.534,0.676,0.538,0.479,0.316,1.0,0.68,0.62,0.549,0.687,0.795,0.746,0.76,0.47,0.711,0.703
20,B1_3,0.716,0.531,0.895,0.843,0.807,0.68,1.0,0.289,0.163,0.412,0.656,0.38,0.496,0.757,0.922,0.837
20,A2_1,0.226,0.77,0.206,0.192,-0.103,0.62,0.289,1.0,0.799,0.923,0.807,0.929,0.83,0.239,0.296,0.16
20,A2_2,0.097,0.679,0.052,0.044,-0.303,0.549,0.163,0.799,1.0,0.836,0.458,0.689,0.63,0.151,0.162,0.097
20,A2_3,0.36,0.89,0.38,0.357,0.021,0.687,0.412,0.923,0.836,1.0,0.732,0.832,0.772,0.369,0.438,0.3
20,B2_1,0.482,0.718,0.542,0.509,0.355,0.795,0.656,0.807,0.458,0.732,1.0,0.848,0.845,0.469,0.643,0.497
20,B2_2,0.29,0.678,0.21,0.183,-0.051,0.746,0.38,0.929,0.689,0.832,0.848,1.0,0.862,0.224,0.359,0.329
20,B2_3,0.311,0.76,0.255,0.293,0.19,0.76,0.496,0.83,0.63,0.772,0.845,0.862,1.0,0.418,0.464,0.403
20,y1,0.68,0.424,0.787,0.891,0.764,0.47,0.757,0.239,0.151,0.369,0.469,0.224,0.418,1.0,0.889,0.827
20,y2,0.751,0.484,0.928,0.908,0.785,0.711,0.922,0.296,0.162,0.438,0.643,0.359,0.464,0.889,1.0,0.904
20,y3,0.716,0.38,0.768,0.797,0.732,0.703,0.837,0.16,0.097,0.3,0.497,0.329,0.403,0.827,0.904,1.0
21,.,1.0,0.423,0.776,0.873,0.714,0.536,0.717,0.225,0.094,0.354,0.48,0.289,0.312,0.684,0.753,0.718
21,A1_1,0.423,1.0,0.463,0.468,0.284,0.676,0.528,0.774,0.687,0.891,0.714,0.681,0.759,0.418,0.479,0.376
21,A1_2,0.776,0.463,1.0,0.941,0.824,0.543,0.895,0.214,0.058,0.381,0.545,0.215,0.263,0.788,0.927,0.769
21,A1_3,0.873,0.468,0.941,1.0,0.872,0.483,0.842,0.197,0.046,0.355,0.51,0.186,0.297,0.893,0.909,0.799
21,B1_1,0.714,0.284,0.824,0.872,1.0,0.324,0.805,-0.095,-0.297,0.023,0.36,-0.043,0.197,0.768,0.789,0.737
21,B1_2,0.536,0.676,0.543,0.483,0.324,1.0,0.689,0.623,0.547,0.686,0.798,0.747,0.764,0.474,0.713,0.705
21,B1_3,0.717,0.528,0.895,0.842,0.805,0.689,1.0,0.302,0.172,0.417,0.664,0.39,0.507,0.759,0.924,0.838
21,A2_1,0.225,0.774,0.214,0.197,-0.095,0.623,0.302,1.0,0.798,0.923,0.81,0.929,0.829,0.241,0.3,0.164
21,A2_2,0.094,0.687,0.058,0.046,-0.297,0.547,0.172,0.798,1.0,0.839,0.459,0.687,0.628,0.148,0.164,0.097
21,A2_3,0.354,0.891,0.381,0.355,0.023,0.686,0.417,0.923,0.839,1.0,0.73,0.831,0.769,0.365,0.437,0.298
21,B2_1,0.48,0.714,0.545,0.51,0.36,0.798,0.664,0.81,0.459,0.73,1.0,0.849,0.848,0.472,0.644,0.5
21,B2_2,0.289,0.681,0.215,0.186,-0.043,0.747,0.39,0.929,0.687,0.831,0.849,1.0,0.862,0.225,0.361,0.331
21,B2_3,0.312,0.759,0.263,0.297,0.197,0.764,0.507,0.829,0.628,0.769,0.848,0.862,1.0,0.421,0.469,0.41
21,y1,0.684,0.418,0.788,0.893,0.768,0.474,0.759,0.241,0.148,0.365,0.472,0.225,0.421,1.0,0.891,0.828
21,y2,0.753,0.479,0.927,0.909,0.789,0.713,0.924,0.3,0.164,0.437,0.644,0.361,0.469,0.891,1.0,0.906
21,y3,0.718,0.376,0.769,0.799,0.737,0.705,0.838,0.164,0.097,0.298,0.5,0.331,0.41,0.828,0.906,1.0
22,.,1.0,0.404,0.777,0.874,0.719,0.534,0.714,0.214,0.076,0.337,0.466,0.277,0.298,0.688,0.754,0.721
22,A1_1,0.404,1.0,0.451,0.45,0.268,0.674,0.52,0.776,0.693,0.891,0.711,0.684,0.759,0.404,0.465,0.365
22,A1_2,0.777,0.451,1.0,0.94,0.825,0.547,0.894,0.212,0.049,0.371,0.538,0.211,0.258,0.788,0.925,0.766
22,A1_3,0.874,0.45,0.94,1.0,0.874,0.482,0.838,0.187,0.031,0.338,0.496,0.175,0.285,0.893,0.907,0.798
22,B1_1,0.719,0.268,0.825,0.874,1.0,0.329,0.801,-0.098,-0.305,0.011,0.351,-0.047,0.19,0.77,0.79,0.739
22,B1_2,0.534,0.674,0.547,0.482,0.329,1.0,0.696,0.622,0.539,0.682,0.799,0.745,0.763,0.474,0.716,0.707
22,B1_3,0.714,0.52,0.894,0.838,0.801,0.696,1.0,0.308,0.172,0.414,0.664,0.395,0.51,0.757,0.923,0.838
22,A2_1,0.214,0.776,0.212,0.187,-0.098,0.622,0.308,1.0,0.796,0.924,0.814,0.93,0.832,0.235,0.297,0.163
22,A2_2,0.076,0.693,0.049,0.031,-0.305,0.539,0.172,0.796,1.0,0.841,0.459,0.686,0.629,0.134,0.153,0.087
22,A2_3,0.337,0.891,0.371,0.338,0.011,0.682,0.414,0.924,0.841,1.0,0.728,0.832,0.769,0.352,0.424,0.288
22,B2_1,0.466,0.711,0.538,0.496,0.351,0.799,0.664,0.814,0.459,0.728,1.0,0.852,0.851,0.463,0.637,0.495
22,B2_2,0.277,0.684,0.211,0.175,-0.047,0.745,0.395,0.93,0.686,0.832,0.852,1.0,0.864,0.216,0.357,0.327
22,B2_3,0.298,0.759,0.258,0.285,0.19,0.763,0.51,0.832,0.629,0.769,0.851,0.864,1.0,0.411,0.466,0.406
22,y1,0.688,0.404,0.788,0.893,0.77,0.474,0.757,0.235,0.134,0.352,0.463,0.216,0.411,1.0,0.893,0.828
22,y2,0.754,0.465,0.925,0.907,0.79,0.716,0.923,0.297,0.153,0.424,0.637,0.357,0.466,0.893,1.0,0.907
22,y3,0.721,0.365,0.766,0.798,0.739,0.707,0.838,0.163,0.087,0.288,0.495,0.327,0.406,0.828,0.907,1.0
23,.,1.0,0.398,0.778,0.874,0.723,0.536,0.714,0.217,0.075,0.336,0.468,0.279,0.301,0.69,0.755,0.723
23,A1_1,0.398,1.0,0.449,0.446,0.264,0.674,0.518,0.78,0.7,0.894,0.708,0.687,0.759,0.399,0.46,0.361
23,A1_2,0.778,0.449,1.0,0.941,0.826,0.552,0.895,0.221,0.057,0.375,0.543,0.219,0.268,0.79,0.924,0.767
23,A1_3,0.874,0.446,0.941,1.0,0.876,0.486,0.837,0.193,0.036,0.34,0.498,0.179,0.29,0.896,0.908,0.8
23,B1_1,0.723,0.264,0.826,0.876,1.0,0.336,0.799,-0.088,-0.298,0.016,0.356,-0.038,0.197,0.773,0.793,0.743
23,B1_2,0.536,0.674,0.552,0.486,0.336,1.0,0.702,0.626,0.539,0.682,0.802,0.747,0.767,0.476,0.717,0.707
23,B1_3,0.714,0.518,0.895,0.837,0.799,0.702,1.0,0.321,0.182,0.42,0.672,0.406,0.52,0.759,0.925,0.838
23,A2_1,0.217,0.78,0.221,0.193,-0.088,0.626,0.321,1.0,0.795,0.924,0.816,0.931,0.833,0.237,0.302,0.166
23,A2_2,0.075,0.7,0.057,0.036,-0.298,0.539,0.182,0.795,1.0,0.843,0.461,0.685,0.628,0.134,0.155,0.087
23,A2_3,0.336,0.894,0.375,0.34,0.016,0.682,0.42,0.924,0.843,1.0,0.727,0.831,0.768,0.351,0.424,0.287
23,B2_1,0.468,0.708,0.543,0.498,0.356,0.802,0.672,0.816,0.461,0.727,1.0,0.854,0.854,0.464,0.638,0.496
23,B2_2,0.279,0.687,0.219,0.179,-0.038,0.747,0.406,0.931,0.685,0.831,0.854,1.0,0.865,0.218,0.36,0.328
23,B2_3,0.301,0.759,0.268,0.29,0.197,0.767,0.52,0.833,0.628,0.768,0.854,0.865,1.0,0.413,0.472,0.411
23,y1,0.69,0.399,0.79,0.896,0.773,0.476,0.759,0.237,0.134,0.351,0.464,0.218,0.413,1.0,0.895,0.83
23,y2,0.755,0.46,0.924,0.908,0.793,0.717,0.925,0.302,0.155,0.424,0.638,0.36,0.472,0.895,1.0,0.909
23,y3,0.723,0.361,0.767,0.8,0.743,0.707,0.838,0.166,0.087,0.287,0.496,0.328,0.411,0.83,0.909,1.0
24,.,1.0,0.384,0.779,0.875,0.727,0.534,0.711,0.209,0.064,0.323,0.458,0.27,0.293,0.693,0.757,0.725
24,A1_1,0.384,1.0,0.44,0.434,0.254,0.672,0.513,0.782,0.706,0.894,0.706,0.687,0.759,0.389,0.448,0.353
24,A1_2,0.779,0.44,1.0,0.94,0.828,0.554,0.894,0.222,0.053,0.369,0.539,0.216,0.268,0.788,0.922,0.765
24,A1_3,0.875,0.434,0.94,1.0,0.878,0.486,0.835,0.189,0.028,0.329,0.49,0.172,0.286,0.896,0.908,0.8
24,B1_1,0.727,0.254,0.828,0.878,1.0,0.341,0.796,-0.088,-0.3,0.01,0.35,-0.04,0.196,0.776,0.796,0.746
24,B1_2,0.534,0.672,0.554,0.486,0.341,1.0,0.708,0.625,0.534,0.679,0.803,0.746,0.767,0.475,0.717,0.707
24,B1_3,0.711,0.513,0.894,0.835,0.796,0.708,1.0,0.327,0.184,0.42,0.673,0.411,0.524,0.756,0.924,0.837
24,A2_1,0.209,0.782,0.222,0.189,-0.088,0.625,0.327,1.0,0.795,0.925,0.82,0.931,0.834,0.232,0.298,0.163
24,A2_2,0.064,0.706,0.053,0.028,-0.3,0.534,0.184,0.795,1.0,0.845,0.463,0.685,0.629,0.125,0.147,0.08
24,A2_3,0.323,0.894,0.369,0.329,0.01,0.679,0.42,0.925,0.845,1.0,0.727,0.83,0.768,0.341,0.413,0.279
24,B2_1,0.458,0.706,0.539,0.49,0.35,0.803,0.673,0.82,0.463,0.727,1.0,0.856,0.856,0.457,0.632,0.49
24,B2_2,0.27,0.687,0.216,0.172,-0.04,0.746,0.411,0.931,0.685,0.83,0.856,1.0,0.865,0.209,0.355,0.322
24,B2_3,0.293,0.759,0.268,0.286,0.196,0.767,0.524,0.834,0.629,0.768,0.856,0.865,1.0,0.408,0.47,0.408
24,y1,0.693,0.389,0.788,0.896,0.776,0.475,0.756,0.232,0.125,0.341,0.457,0.209,0.408,1.0,0.895,0.83
24,y2,0.757,0.448,0.922,0.908,0.796,0.717,0.924,0.298,0.147,0.413,0.632,0.355,0.47,0.895,1.0,0.91
24,y3,0.725,0.353,0.765,0.8,0.746,0.707,0.837,0.163,0.08,0.279,0.49,0.322,0.408,0.83,0.91,1.0
