,,.,A1_1,A1_2,A1_3,B1_1,B1_2,B1_3,A2_1,A2_2,A2_3,B2_1,B2_2,B2_3,y1,y2,y3
0,.,0.087,0.127,0.022,0.047,0.057,0.048,0.016,0.053,0.056,0.049,0.1,0.139,0.031,0.104,0.034,0.031
0,A1_1,0.044,0.045,0.023,0.138,0.139,0.019,0.006,0.039,0.139,0.05,0.022,0.141,0.019,0.082,0.062,0.031
0,A1_2,0.057,0.091,0.023,0.043,0.056,0.043,0.018,0.042,0.188,0.029,0.018,0.197,0.023,0.088,0.066,0.017
0,A1_3,0.039,0.118,0.023,0.098,0.054,0.036,0.011,0.042,0.166,0.063,0.009,0.197,0.018,0.051,0.038,0.038
0,B1_1,0.021,0.084,0.017,0.029,0.078,0.033,0.02,0.029,0.202,0.016,0.041,0.186,0.065,0.068,0.099,0.01
0,B1_2,0.056,0.115,0.022,0.051,0.08,0.074,0.025,0.088,0.07,0.033,0.052,0.057,0.017,0.069,0.105,0.086
0,B1_3,0.013,0.053,0.011,0.041,0.098,0.037,0.011,0.034,0.109,0.008,0.155,0.152,0.049,0.034,0.181,0.013
0,A2_1,0.06,0.062,0.04,0.11,0.071,0.043,0.024,0.083,0.125,0.1,0.006,0.082,0.014,0.078,0.035,0.067
0,A2_2,0.035,0.065,0.045,0.058,0.029,0.064,0.03,0.041,0.088,0.015,0.093,0.165,0.033,0.053,0.133,0.052
0,A2_3,0.085,0.084,0.011,0.066,0.122,0.019,0.007,0.041,0.15,0.086,0.009,0.15,0.016,0.117,0.024,0.011
0,B2_1,0.058,0.038,0.053,0.09,0.058,0.036,0.032,0.063,0.139,0.027,0.01,0.075,0.017,0.044,0.207,0.054
0,B2_2,0.104,0.127,0.019,0.029,0.069,0.04,0.025,0.043,0.102,0.057,0.022,0.14,0.037,0.145,0.028,0.014
0,B2_3,0.041,0.08,0.043,0.082,0.082,0.055,0.019,0.064,0.083,0.041,0.039,0.068,0.017,0.053,0.155,0.078
0,y1,0.021,0.063,0.026,0.038,0.057,0.034,0.013,0.021,0.165,0.021,0.056,0.266,0.045,0.097,0.065,0.009
0,y2,0.073,0.111,0.016,0.079,0.091,0.055,0.022,0.107,0.094,0.079,0.016,0.08,0.014,0.065,0.051,0.047
0,y3,0.029,0.071,0.026,0.09,0.095,0.057,0.019,0.055,0.06,0.025,0.082,0.077,0.032,0.038,0.155,0.088
1,.,0.095,0.126,0.023,0.047,0.056,0.049,0.017,0.054,0.053,0.049,0.1,0.131,0.031,0.104,0.034,0.032
1,A1_1,0.049,0.045,0.024,0.137,0.138,0.02,0.006,0.04,0.133,0.05,0.023,0.133,0.019,0.084,0.065,0.033
1,A1_2,0.069,0.092,0.024,0.043,0.056,0.045,0.019,0.045,0.176,0.03,0.018,0.184,0.023,0.091,0.068,0.018
1,A1_3,0.047,0.117,0.025,0.099,0.053,0.037,0.012,0.045,0.154,0.065,0.01,0.181,0.019,0.053,0.041,0.042
1,B1_1,0.024,0.082,0.018,0.029,0.08,0.033,0.021,0.03,0.195,0.017,0.043,0.177,0.067,0.073,0.102,0.01
1,B1_2,0.066,0.114,0.023,0.049,0.076,0.075,0.026,0.092,0.062,0.033,0.052,0.051,0.016,0.068,0.104,0.093
1,B1_3,0.014,0.053,0.012,0.042,0.097,0.037,0.011,0.035,0.104,0.008,0.163,0.148,0.049,0.035,0.179,0.013
1,A2_1,0.067,0.06,0.041,0.108,0.069,0.043,0.026,0.086,0.116,0.105,0.005,0.076,0.014,0.08,0.034,0.07
1,A2_2,0.04,0.063,0.046,0.058,0.029,0.066,0.032,0.042,0.081,0.015,0.099,0.154,0.033,0.053,0.136,0.055
1,A2_3,0.101,0.084,0.011,0.063,0.121,0.019,0.008,0.043,0.138,0.089,0.009,0.139,0.016,0.123,0.024,0.011
1,B2_1,0.065,0.035,0.057,0.09,0.057,0.036,0.033,0.063,0.126,0.026,0.01,0.068,0.017,0.044,0.214,0.059
1,B2_2,0.124,0.126,0.019,0.026,0.066,0.039,0.026,0.044,0.093,0.058,0.022,0.128,0.037,0.151,0.027,0.013
1,B2_3,0.046,0.074,0.048,0.084,0.08,0.055,0.02,0.064,0.074,0.042,0.041,0.061,0.017,0.055,0.156,0.084
1,y1,0.026,0.062,0.027,0.036,0.058,0.033,0.013,0.021,0.161,0.022,0.057,0.26,0.046,0.107,0.064,0.009
1,y2,0.085,0.108,0.018,0.078,0.083,0.057,0.025,0.115,0.079,0.085,0.016,0.068,0.014,0.065,0.049,0.054
1,y3,0.033,0.069,0.026,0.09,0.095,0.055,0.019,0.055,0.057,0.026,0.089,0.075,0.033,0.039,0.154,0.087
2,.,0.103,0.125,0.023,0.046,0.055,0.049,0.018,0.055,0.051,0.049,0.099,0.124,0.031,0.103,0.035,0.033
2,A1_1,0.055,0.044,0.025,0.135,0.136,0.02,0.007,0.041,0.127,0.05,0.024,0.126,0.019,0.086,0.069,0.035
2,A1_2,0.081,0.092,0.025,0.042,0.056,0.046,0.021,0.047,0.165,0.031,0.018,0.172,0.023,0.094,0.07,0.019
2,A1_3,0.055,0.115,0.027,0.099,0.052,0.039,0.013,0.047,0.145,0.068,0.01,0.167,0.019,0.054,0.042,0.046
2,B1_1,0.028,0.08,0.019,0.028,0.081,0.032,0.022,0.03,0.188,0.018,0.044,0.17,0.068,0.077,0.104,0.01
2,B1_2,0.077,0.111,0.024,0.047,0.072,0.075,0.028,0.095,0.056,0.033,0.052,0.046,0.015,0.067,0.104,0.099
2,B1_3,0.016,0.053,0.012,0.043,0.097,0.038,0.012,0.036,0.099,0.009,0.166,0.145,0.049,0.035,0.177,0.014
2,A2_1,0.076,0.059,0.043,0.105,0.068,0.043,0.027,0.086,0.109,0.109,0.005,0.07,0.014,0.082,0.033,0.071
2,A2_2,0.044,0.061,0.047,0.058,0.028,0.067,0.032,0.043,0.076,0.015,0.102,0.146,0.033,0.052,0.138,0.058
2,A2_3,0.12,0.083,0.012,0.06,0.118,0.019,0.008,0.044,0.128,0.092,0.009,0.128,0.016,0.128,0.024,0.011
2,B2_1,0.072,0.033,0.059,0.089,0.055,0.037,0.034,0.063,0.115,0.026,0.011,0.062,0.016,0.043,0.221,0.063
2,B2_2,0.146,0.123,0.019,0.025,0.064,0.038,0.027,0.045,0.086,0.06,0.021,0.117,0.035,0.155,0.026,0.013
2,B2_3,0.05,0.07,0.052,0.085,0.076,0.054,0.02,0.063,0.067,0.043,0.043,0.056,0.016,0.055,0.159,0.09
2,y1,0.032,0.062,0.028,0.034,0.059,0.031,0.013,0.021,0.155,0.023,0.056,0.251,0.047,0.119,0.061,0.008
2,y2,0.096,0.101,0.02,0.078,0.076,0.059,0.028,0.119,0.068,0.089,0.017,0.059,0.013,0.064,0.05,0.062
2,y3,0.037,0.068,0.026,0.088,0.094,0.054,0.019,0.055,0.055,0.026,0.095,0.075,0.033,0.041,0.151,0.083
3,.,0.111,0.125,0.023,0.046,0.054,0.05,0.018,0.057,0.05,0.049,0.098,0.118,0.03,0.101,0.036,0.035
3,A1_1,0.06,0.044,0.026,0.134,0.134,0.021,0.007,0.042,0.123,0.049,0.025,0.121,0.019,0.087,0.072,0.037
3,A1_2,0.092,0.093,0.025,0.041,0.055,0.047,0.022,0.049,0.156,0.031,0.019,0.162,0.023,0.094,0.071,0.02
3,A1_3,0.063,0.113,0.028,0.099,0.052,0.039,0.014,0.049,0.138,0.069,0.01,0.158,0.019,0.056,0.044,0.049
3,B1_1,0.032,0.081,0.019,0.028,0.081,0.033,0.023,0.031,0.181,0.018,0.045,0.163,0.069,0.078,0.107,0.011
3,B1_2,0.085,0.109,0.024,0.046,0.07,0.076,0.028,0.096,0.052,0.033,0.052,0.044,0.015,0.067,0.102,0.101
3,B1_3,0.018,0.054,0.012,0.043,0.097,0.039,0.012,0.037,0.095,0.009,0.165,0.14,0.048,0.036,0.179,0.015
3,A2_1,0.084,0.059,0.042,0.101,0.068,0.043,0.028,0.086,0.105,0.108,0.005,0.068,0.014,0.084,0.033,0.071
3,A2_2,0.048,0.061,0.048,0.06,0.029,0.067,0.033,0.044,0.074,0.016,0.1,0.141,0.032,0.052,0.137,0.061
3,A2_3,0.135,0.082,0.012,0.059,0.115,0.02,0.009,0.045,0.122,0.091,0.009,0.121,0.016,0.129,0.025,0.012
3,B2_1,0.079,0.032,0.06,0.088,0.054,0.037,0.035,0.062,0.109,0.026,0.011,0.059,0.016,0.043,0.224,0.065
3,B2_2,0.164,0.122,0.019,0.024,0.063,0.039,0.028,0.046,0.08,0.06,0.02,0.108,0.034,0.153,0.026,0.013
3,B2_3,0.055,0.066,0.053,0.085,0.075,0.054,0.021,0.062,0.065,0.043,0.043,0.055,0.016,0.056,0.159,0.092
3,y1,0.037,0.064,0.029,0.033,0.06,0.032,0.014,0.022,0.15,0.024,0.056,0.241,0.047,0.121,0.062,0.008
3,y2,0.105,0.099,0.021,0.077,0.073,0.059,0.029,0.12,0.063,0.09,0.018,0.055,0.013,0.065,0.05,0.064
3,y3,0.041,0.066,0.026,0.087,0.094,0.054,0.02,0.056,0.054,0.026,0.094,0.073,0.033,0.041,0.151,0.083
4,.,0.119,0.123,0.024,0.045,0.053,0.051,0.019,0.058,0.048,0.049,0.097,0.113,0.03,0.1,0.036,0.036
4,A1_1,0.067,0.043,0.027,0.132,0.132,0.021,0.007,0.043,0.118,0.049,0.025,0.115,0.019,0.088,0.075,0.038
4,A1_2,0.106,0.092,0.025,0.04,0.055,0.048,0.023,0.051,0.147,0.032,0.019,0.152,0.022,0.095,0.072,0.02
4,A1_3,0.071,0.109,0.03,0.1,0.051,0.04,0.015,0.05,0.132,0.071,0.01,0.148,0.019,0.057,0.045,0.051
4,B1_1,0.037,0.079,0.02,0.028,0.081,0.033,0.024,0.032,0.175,0.019,0.045,0.157,0.069,0.082,0.108,0.011
4,B1_2,0.096,0.106,0.024,0.045,0.067,0.075,0.029,0.097,0.049,0.033,0.052,0.041,0.014,0.066,0.101,0.103
4,B1_3,0.021,0.055,0.013,0.044,0.096,0.04,0.012,0.039,0.092,0.01,0.164,0.138,0.048,0.037,0.177,0.016
4,A2_1,0.094,0.057,0.042,0.099,0.066,0.043,0.029,0.087,0.1,0.109,0.005,0.065,0.014,0.085,0.033,0.072
4,A2_2,0.053,0.059,0.049,0.06,0.028,0.067,0.033,0.044,0.072,0.016,0.099,0.139,0.032,0.053,0.135,0.061
4,A2_3,0.154,0.08,0.012,0.058,0.111,0.02,0.009,0.046,0.114,0.092,0.008,0.113,0.016,0.13,0.025,0.013
4,B2_1,0.087,0.031,0.062,0.086,0.053,0.036,0.035,0.061,0.103,0.025,0.011,0.057,0.016,0.044,0.228,0.065
4,B2_2,0.188,0.118,0.019,0.024,0.06,0.038,0.029,0.047,0.075,0.062,0.019,0.098,0.032,0.152,0.025,0.013
4,B2_3,0.06,0.062,0.056,0.085,0.073,0.053,0.021,0.061,0.061,0.042,0.044,0.053,0.016,0.057,0.163,0.093
4,y1,0.045,0.064,0.029,0.032,0.06,0.032,0.015,0.023,0.143,0.026,0.053,0.231,0.047,0.132,0.058,0.008
4,y2,0.116,0.092,0.023,0.077,0.069,0.059,0.031,0.12,0.057,0.09,0.018,0.05,0.013,0.064,0.052,0.069
4,y3,0.048,0.066,0.026,0.085,0.092,0.053,0.02,0.057,0.056,0.026,0.093,0.077,0.034,0.044,0.147,0.076
5,.,0.127,0.122,0.024,0.045,0.052,0.051,0.019,0.059,0.047,0.049,0.095,0.108,0.029,0.098,0.037,0.037
5,A1_1,0.073,0.043,0.028,0.13,0.13,0.021,0.008,0.043,0.114,0.048,0.026,0.111,0.019,0.089,0.078,0.039
5,A1_2,0.12,0.091,0.026,0.039,0.054,0.049,0.024,0.052,0.139,0.032,0.019,0.144,0.022,0.095,0.073,0.021
5,A1_3,0.08,0.106,0.031,0.099,0.05,0.04,0.016,0.051,0.127,0.071,0.011,0.14,0.019,0.058,0.047,0.053
5,B1_1,0.042,0.079,0.021,0.028,0.081,0.033,0.025,0.033,0.17,0.019,0.045,0.152,0.069,0.084,0.109,0.011
5,B1_2,0.108,0.103,0.024,0.044,0.066,0.075,0.03,0.098,0.047,0.033,0.051,0.039,0.014,0.067,0.1,0.103
5,B1_3,0.024,0.055,0.013,0.046,0.095,0.041,0.013,0.04,0.089,0.01,0.16,0.135,0.047,0.037,0.177,0.017
5,A2_1,0.106,0.057,0.042,0.095,0.065,0.042,0.03,0.086,0.096,0.109,0.005,0.063,0.014,0.088,0.033,0.071
5,A2_2,0.058,0.058,0.05,0.062,0.029,0.067,0.033,0.044,0.07,0.017,0.096,0.136,0.031,0.053,0.135,0.062
5,A2_3,0.175,0.078,0.012,0.055,0.106,0.02,0.01,0.047,0.107,0.092,0.008,0.105,0.015,0.132,0.024,0.013
5,B2_1,0.094,0.029,0.062,0.084,0.052,0.036,0.035,0.06,0.098,0.025,0.011,0.054,0.015,0.044,0.235,0.064
5,B2_2,0.213,0.114,0.02,0.023,0.058,0.038,0.029,0.048,0.07,0.063,0.017,0.09,0.03,0.15,0.024,0.014
5,B2_3,0.064,0.059,0.058,0.084,0.071,0.052,0.022,0.06,0.058,0.041,0.045,0.051,0.016,0.057,0.169,0.093
5,y1,0.055,0.066,0.03,0.031,0.06,0.033,0.015,0.024,0.136,0.028,0.051,0.221,0.046,0.142,0.055,0.008
5,y2,0.126,0.086,0.024,0.077,0.067,0.058,0.033,0.118,0.052,0.089,0.02,0.046,0.012,0.064,0.056,0.072
5,y3,0.055,0.066,0.026,0.082,0.092,0.053,0.02,0.058,0.057,0.026,0.09,0.08,0.034,0.047,0.142,0.07
6,.,0.136,0.121,0.024,0.044,0.051,0.052,0.02,0.06,0.045,0.048,0.094,0.103,0.029,0.097,0.037,0.038
6,A1_1,0.08,0.042,0.028,0.127,0.127,0.022,0.008,0.044,0.11,0.047,0.026,0.106,0.019,0.09,0.082,0.041
6,A1_2,0.135,0.09,0.026,0.038,0.053,0.05,0.025,0.054,0.131,0.033,0.019,0.135,0.022,0.095,0.073,0.021
6,A1_3,0.089,0.104,0.032,0.098,0.049,0.041,0.017,0.053,0.12,0.073,0.011,0.132,0.019,0.059,0.048,0.056
6,B1_1,0.048,0.079,0.022,0.028,0.082,0.033,0.025,0.034,0.163,0.02,0.044,0.146,0.069,0.086,0.11,0.011
6,B1_2,0.118,0.099,0.025,0.043,0.064,0.075,0.031,0.098,0.044,0.033,0.051,0.037,0.014,0.066,0.1,0.105
6,B1_3,0.028,0.057,0.014,0.046,0.094,0.042,0.013,0.042,0.085,0.011,0.158,0.132,0.046,0.037,0.176,0.018
6,A2_1,0.117,0.056,0.042,0.091,0.064,0.042,0.03,0.085,0.093,0.108,0.005,0.06,0.014,0.09,0.033,0.071
6,A2_2,0.063,0.057,0.051,0.063,0.029,0.066,0.033,0.045,0.068,0.017,0.094,0.133,0.03,0.053,0.135,0.063
6,A2_3,0.196,0.076,0.013,0.053,0.102,0.021,0.01,0.047,0.101,0.091,0.008,0.097,0.015,0.133,0.024,0.014
6,B2_1,0.102,0.028,0.063,0.081,0.051,0.036,0.036,0.058,0.094,0.024,0.011,0.052,0.015,0.044,0.242,0.064
6,B2_2,0.241,0.111,0.02,0.022,0.055,0.037,0.029,0.049,0.065,0.064,0.016,0.081,0.028,0.146,0.023,0.015
6,B2_3,0.069,0.056,0.06,0.082,0.069,0.052,0.022,0.059,0.055,0.04,0.047,0.049,0.016,0.056,0.174,0.093
6,y1,0.068,0.069,0.03,0.03,0.061,0.033,0.016,0.025,0.128,0.03,0.048,0.207,0.044,0.151,0.052,0.009
6,y2,0.134,0.079,0.027,0.077,0.065,0.058,0.033,0.116,0.047,0.088,0.021,0.042,0.012,0.064,0.06,0.076
6,y3,0.066,0.067,0.025,0.078,0.091,0.052,0.021,0.059,0.058,0.026,0.088,0.083,0.034,0.051,0.136,0.063
7,.,0.144,0.119,0.025,0.044,0.05,0.053,0.02,0.061,0.044,0.048,0.093,0.099,0.028,0.096,0.038,0.039
7,A1_1,0.088,0.041,0.029,0.125,0.125,0.022,0.008,0.045,0.106,0.047,0.026,0.101,0.019,0.09,0.085,0.043
7,A1_2,0.152,0.089,0.026,0.037,0.052,0.05,0.026,0.055,0.123,0.033,0.019,0.126,0.021,0.095,0.073,0.022
7,A1_3,0.099,0.101,0.033,0.097,0.048,0.041,0.018,0.054,0.114,0.074,0.011,0.125,0.019,0.06,0.049,0.057
7,B1_1,0.055,0.077,0.022,0.028,0.082,0.032,0.026,0.035,0.158,0.021,0.044,0.14,0.068,0.089,0.11,0.011
7,B1_2,0.13,0.096,0.025,0.042,0.062,0.074,0.031,0.099,0.041,0.032,0.051,0.035,0.013,0.066,0.098,0.105
7,B1_3,0.032,0.057,0.014,0.047,0.093,0.043,0.014,0.044,0.083,0.012,0.154,0.129,0.045,0.038,0.176,0.019
7,A2_1,0.131,0.054,0.042,0.088,0.061,0.042,0.031,0.084,0.088,0.108,0.005,0.057,0.013,0.092,0.033,0.07
7,A2_2,0.069,0.056,0.051,0.064,0.029,0.065,0.033,0.046,0.066,0.018,0.093,0.132,0.03,0.054,0.132,0.062
7,A2_3,0.22,0.072,0.013,0.052,0.097,0.021,0.01,0.047,0.094,0.09,0.007,0.089,0.014,0.133,0.024,0.014
7,B2_1,0.11,0.027,0.063,0.078,0.05,0.035,0.035,0.057,0.089,0.024,0.011,0.052,0.015,0.044,0.246,0.062
7,B2_2,0.271,0.105,0.02,0.022,0.052,0.036,0.029,0.049,0.06,0.064,0.014,0.073,0.025,0.142,0.023,0.015
7,B2_3,0.073,0.054,0.063,0.081,0.067,0.051,0.023,0.058,0.052,0.039,0.049,0.048,0.017,0.055,0.179,0.091
7,y1,0.084,0.069,0.03,0.029,0.061,0.034,0.017,0.026,0.12,0.033,0.044,0.192,0.042,0.163,0.048,0.009
7,y2,0.141,0.073,0.029,0.078,0.064,0.056,0.034,0.112,0.042,0.088,0.024,0.039,0.012,0.064,0.065,0.079
7,y3,0.082,0.068,0.025,0.072,0.092,0.051,0.021,0.06,0.059,0.027,0.083,0.086,0.034,0.057,0.126,0.056
8,.,0.151,0.118,0.025,0.043,0.049,0.053,0.021,0.061,0.043,0.047,0.092,0.095,0.028,0.094,0.038,0.04
8,A1_1,0.094,0.04,0.03,0.123,0.122,0.023,0.009,0.045,0.103,0.046,0.027,0.097,0.019,0.09,0.088,0.044
8,A1_2,0.167,0.087,0.026,0.036,0.051,0.05,0.027,0.055,0.116,0.033,0.019,0.12,0.021,0.095,0.074,0.022
8,A1_3,0.108,0.099,0.034,0.096,0.047,0.042,0.019,0.055,0.109,0.075,0.011,0.119,0.019,0.06,0.049,0.059
8,B1_1,0.061,0.076,0.023,0.028,0.081,0.032,0.027,0.036,0.153,0.021,0.044,0.134,0.068,0.09,0.112,0.012
8,B1_2,0.14,0.093,0.025,0.041,0.06,0.073,0.032,0.098,0.039,0.032,0.051,0.034,0.013,0.066,0.096,0.106
8,B1_3,0.036,0.058,0.014,0.048,0.092,0.044,0.014,0.046,0.08,0.012,0.151,0.126,0.044,0.039,0.175,0.02
8,A2_1,0.142,0.053,0.042,0.085,0.06,0.041,0.032,0.083,0.085,0.107,0.005,0.055,0.013,0.094,0.032,0.07
8,A2_2,0.074,0.055,0.051,0.064,0.029,0.065,0.033,0.046,0.065,0.018,0.093,0.13,0.03,0.053,0.131,0.063
8,A2_3,0.241,0.07,0.013,0.05,0.093,0.021,0.011,0.047,0.089,0.089,0.007,0.083,0.014,0.134,0.024,0.015
8,B2_1,0.118,0.027,0.063,0.077,0.05,0.035,0.035,0.056,0.087,0.023,0.012,0.051,0.015,0.044,0.248,0.061
8,B2_2,0.295,0.101,0.02,0.021,0.05,0.036,0.029,0.049,0.056,0.063,0.013,0.067,0.023,0.139,0.022,0.016
8,B2_3,0.077,0.053,0.064,0.079,0.065,0.052,0.023,0.057,0.05,0.038,0.051,0.047,0.017,0.054,0.18,0.092
8,y1,0.098,0.07,0.03,0.028,0.06,0.034,0.017,0.027,0.113,0.034,0.042,0.18,0.041,0.171,0.045,0.009
8,y2,0.146,0.068,0.031,0.079,0.063,0.055,0.035,0.108,0.039,0.088,0.026,0.036,0.012,0.063,0.068,0.082
8,y3,0.098,0.068,0.024,0.066,0.091,0.051,0.022,0.061,0.059,0.028,0.08,0.086,0.034,0.062,0.118,0.051
9,.,0.159,0.116,0.025,0.043,0.048,0.053,0.021,0.062,0.042,0.047,0.091,0.091,0.028,0.093,0.038,0.041
9,A1_1,0.102,0.04,0.031,0.12,0.119,0.023,0.009,0.046,0.099,0.046,0.027,0.093,0.019,0.09,0.091,0.046
9,A1_2,0.184,0.086,0.026,0.035,0.05,0.05,0.028,0.056,0.109,0.033,0.019,0.112,0.021,0.095,0.073,0.023
9,A1_3,0.119,0.097,0.034,0.094,0.046,0.042,0.02,0.055,0.104,0.076,0.011,0.113,0.018,0.06,0.05,0.061
9,B1_1,0.068,0.075,0.024,0.028,0.081,0.032,0.028,0.036,0.147,0.022,0.044,0.128,0.067,0.093,0.113,0.012
9,B1_2,0.153,0.09,0.025,0.04,0.057,0.073,0.032,0.098,0.037,0.031,0.051,0.033,0.013,0.066,0.094,0.107
9,B1_3,0.042,0.059,0.015,0.049,0.091,0.045,0.015,0.048,0.077,0.013,0.147,0.121,0.043,0.039,0.175,0.021
9,A2_1,0.157,0.052,0.042,0.082,0.058,0.04,0.032,0.081,0.081,0.106,0.005,0.053,0.013,0.095,0.032,0.071
9,A2_2,0.08,0.055,0.051,0.065,0.029,0.064,0.032,0.046,0.063,0.019,0.092,0.128,0.029,0.053,0.131,0.062
9,A2_3,0.264,0.066,0.014,0.049,0.088,0.021,0.011,0.047,0.083,0.088,0.007,0.077,0.013,0.134,0.024,0.016
9,B2_1,0.126,0.026,0.062,0.074,0.049,0.034,0.035,0.054,0.084,0.022,0.012,0.05,0.015,0.043,0.255,0.059
9,B2_2,0.323,0.096,0.02,0.021,0.047,0.035,0.029,0.049,0.051,0.063,0.011,0.06,0.021,0.136,0.021,0.017
9,B2_3,0.081,0.051,0.064,0.077,0.064,0.051,0.024,0.056,0.048,0.037,0.054,0.047,0.018,0.052,0.187,0.09
9,y1,0.116,0.071,0.03,0.027,0.059,0.035,0.018,0.028,0.105,0.037,0.039,0.166,0.038,0.181,0.041,0.009
9,y2,0.151,0.064,0.033,0.078,0.064,0.054,0.035,0.104,0.036,0.086,0.029,0.034,0.013,0.062,0.074,0.082
9,y3,0.122,0.068,0.023,0.06,0.093,0.049,0.022,0.061,0.059,0.029,0.073,0.085,0.033,0.071,0.106,0.045
10,.,0.167,0.115,0.026,0.042,0.047,0.054,0.022,0.062,0.041,0.047,0.089,0.088,0.028,0.092,0.039,0.042
10,A1_1,0.109,0.039,0.031,0.118,0.116,0.023,0.01,0.046,0.096,0.045,0.027,0.09,0.019,0.09,0.094,0.048
10,A1_2,0.2,0.084,0.027,0.034,0.048,0.05,0.029,0.056,0.103,0.033,0.019,0.107,0.021,0.094,0.073,0.023
10,A1_3,0.128,0.095,0.035,0.092,0.045,0.042,0.021,0.056,0.1,0.076,0.011,0.109,0.018,0.06,0.05,0.063
10,B1_1,0.076,0.073,0.025,0.029,0.081,0.032,0.028,0.037,0.143,0.023,0.043,0.124,0.067,0.094,0.114,0.012
10,B1_2,0.165,0.088,0.025,0.039,0.055,0.072,0.032,0.096,0.036,0.03,0.05,0.033,0.013,0.065,0.093,0.106
10,B1_3,0.049,0.061,0.015,0.05,0.09,0.046,0.016,0.05,0.074,0.014,0.142,0.118,0.042,0.039,0.172,0.023
10,A2_1,0.174,0.051,0.042,0.078,0.056,0.039,0.032,0.079,0.078,0.104,0.005,0.051,0.012,0.098,0.032,0.069
10,A2_2,0.086,0.054,0.051,0.066,0.029,0.063,0.032,0.046,0.062,0.02,0.091,0.126,0.029,0.053,0.129,0.062
10,A2_3,0.288,0.063,0.014,0.046,0.083,0.021,0.012,0.046,0.078,0.086,0.006,0.071,0.013,0.134,0.024,0.016
10,B2_1,0.133,0.026,0.061,0.071,0.049,0.034,0.034,0.053,0.082,0.022,0.013,0.05,0.015,0.043,0.258,0.057
10,B2_2,0.348,0.09,0.02,0.021,0.044,0.034,0.028,0.048,0.048,0.063,0.01,0.055,0.019,0.132,0.02,0.018
10,B2_3,0.085,0.051,0.065,0.075,0.062,0.051,0.024,0.055,0.047,0.035,0.057,0.047,0.018,0.051,0.188,0.089
10,y1,0.134,0.071,0.03,0.026,0.058,0.035,0.018,0.029,0.098,0.039,0.036,0.155,0.035,0.187,0.039,0.01
10,y2,0.156,0.061,0.035,0.077,0.064,0.053,0.035,0.1,0.034,0.083,0.032,0.033,0.013,0.061,0.08,0.082
10,y3,0.146,0.068,0.023,0.056,0.093,0.047,0.022,0.06,0.057,0.031,0.066,0.083,0.032,0.079,0.095,0.041
11,.,0.175,0.114,0.026,0.042,0.046,0.054,0.022,0.063,0.04,0.046,0.088,0.086,0.027,0.09,0.039,0.043
11,A1_1,0.117,0.039,0.032,0.115,0.113,0.023,0.01,0.047,0.093,0.044,0.027,0.086,0.019,0.09,0.096,0.049
11,A1_2,0.216,0.082,0.027,0.033,0.047,0.05,0.03,0.056,0.097,0.033,0.019,0.101,0.02,0.092,0.073,0.023
11,A1_3,0.137,0.093,0.035,0.091,0.044,0.042,0.021,0.057,0.096,0.077,0.011,0.105,0.018,0.06,0.05,0.063
11,B1_1,0.083,0.073,0.025,0.029,0.08,0.032,0.029,0.038,0.138,0.023,0.043,0.119,0.065,0.093,0.116,0.013
11,B1_2,0.177,0.086,0.025,0.038,0.054,0.071,0.032,0.095,0.035,0.03,0.05,0.032,0.012,0.066,0.091,0.105
11,B1_3,0.056,0.061,0.016,0.05,0.088,0.047,0.016,0.053,0.071,0.014,0.137,0.113,0.041,0.039,0.173,0.024
11,A2_1,0.19,0.05,0.041,0.075,0.054,0.039,0.033,0.077,0.074,0.103,0.005,0.049,0.012,0.099,0.032,0.068
11,A2_2,0.093,0.053,0.052,0.066,0.029,0.062,0.031,0.047,0.062,0.02,0.087,0.125,0.029,0.053,0.128,0.062
11,A2_3,0.309,0.061,0.015,0.045,0.078,0.021,0.012,0.046,0.073,0.084,0.006,0.066,0.012,0.133,0.024,0.017
11,B2_1,0.142,0.025,0.061,0.068,0.048,0.033,0.034,0.052,0.08,0.021,0.013,0.049,0.016,0.043,0.259,0.055
11,B2_2,0.371,0.087,0.02,0.02,0.042,0.034,0.029,0.048,0.044,0.062,0.01,0.05,0.018,0.126,0.02,0.019
11,B2_3,0.089,0.05,0.066,0.073,0.062,0.051,0.024,0.055,0.046,0.034,0.058,0.047,0.019,0.05,0.19,0.088
11,y1,0.152,0.072,0.029,0.026,0.056,0.037,0.019,0.031,0.092,0.04,0.034,0.144,0.033,0.187,0.038,0.011
11,y2,0.161,0.058,0.036,0.077,0.066,0.051,0.035,0.097,0.032,0.083,0.034,0.032,0.014,0.061,0.084,0.08
11,y3,0.17,0.066,0.022,0.051,0.092,0.047,0.022,0.061,0.055,0.031,0.061,0.078,0.03,0.085,0.088,0.039
12,.,0.18,0.113,0.026,0.041,0.045,0.054,0.023,0.063,0.039,0.046,0.088,0.083,0.027,0.088,0.039,0.044
12,A1_1,0.123,0.038,0.032,0.113,0.111,0.024,0.01,0.047,0.091,0.043,0.027,0.083,0.018,0.089,0.099,0.051
12,A1_2,0.228,0.081,0.026,0.032,0.046,0.051,0.031,0.057,0.092,0.033,0.019,0.097,0.02,0.09,0.073,0.024
12,A1_3,0.147,0.091,0.035,0.089,0.043,0.042,0.022,0.057,0.093,0.076,0.011,0.101,0.018,0.06,0.05,0.065
12,B1_1,0.089,0.073,0.026,0.029,0.079,0.032,0.03,0.039,0.134,0.023,0.043,0.115,0.064,0.091,0.119,0.014
12,B1_2,0.188,0.083,0.025,0.037,0.053,0.071,0.033,0.095,0.034,0.03,0.048,0.032,0.012,0.066,0.089,0.104
12,B1_3,0.062,0.061,0.017,0.051,0.087,0.048,0.017,0.054,0.068,0.015,0.132,0.109,0.04,0.039,0.175,0.026
12,A2_1,0.205,0.05,0.04,0.071,0.052,0.038,0.033,0.076,0.071,0.1,0.005,0.048,0.012,0.1,0.031,0.067
12,A2_2,0.1,0.053,0.052,0.068,0.03,0.062,0.031,0.047,0.061,0.021,0.083,0.122,0.028,0.053,0.127,0.064
12,A2_3,0.324,0.058,0.015,0.044,0.075,0.021,0.012,0.046,0.07,0.081,0.006,0.063,0.012,0.13,0.024,0.018
12,B2_1,0.152,0.025,0.06,0.066,0.047,0.033,0.034,0.051,0.078,0.021,0.013,0.048,0.016,0.043,0.259,0.055
12,B2_2,0.387,0.084,0.02,0.02,0.04,0.034,0.029,0.048,0.042,0.061,0.009,0.047,0.017,0.121,0.019,0.02
12,B2_3,0.096,0.049,0.065,0.071,0.06,0.051,0.025,0.054,0.045,0.033,0.057,0.046,0.019,0.05,0.192,0.087
12,y1,0.165,0.073,0.029,0.026,0.055,0.038,0.02,0.032,0.087,0.041,0.032,0.138,0.032,0.183,0.037,0.011
12,y2,0.17,0.056,0.035,0.075,0.066,0.051,0.036,0.095,0.032,0.08,0.034,0.031,0.014,0.06,0.085,0.08
12,y3,0.183,0.065,0.022,0.051,0.09,0.047,0.023,0.061,0.053,0.031,0.058,0.075,0.029,0.085,0.087,0.041
13,.,0.187,0.112,0.026,0.041,0.045,0.055,0.023,0.063,0.039,0.045,0.087,0.081,0.027,0.087,0.039,0.045
13,A1_1,0.13,0.037,0.032,0.111,0.108,0.024,0.011,0.047,0.088,0.043,0.027,0.08,0.018,0.089,0.101,0.053
13,A1_2,0.241,0.079,0.026,0.032,0.045,0.051,0.031,0.057,0.088,0.032,0.019,0.093,0.02,0.089,0.073,0.024
13,A1_3,0.156,0.089,0.035,0.088,0.043,0.043,0.023,0.058,0.091,0.076,0.011,0.097,0.018,0.06,0.05,0.065
13,B1_1,0.096,0.072,0.026,0.029,0.078,0.033,0.031,0.04,0.13,0.023,0.042,0.111,0.063,0.091,0.121,0.014
13,B1_2,0.2,0.081,0.024,0.036,0.052,0.07,0.033,0.093,0.034,0.029,0.048,0.031,0.012,0.066,0.087,0.102
13,B1_3,0.07,0.061,0.017,0.052,0.085,0.049,0.018,0.056,0.066,0.015,0.128,0.104,0.039,0.039,0.175,0.028
13,A2_1,0.221,0.048,0.04,0.068,0.05,0.038,0.033,0.074,0.069,0.099,0.004,0.046,0.012,0.1,0.031,0.066
13,A2_2,0.107,0.052,0.051,0.068,0.03,0.061,0.031,0.048,0.06,0.021,0.081,0.119,0.028,0.053,0.126,0.064
13,A2_3,0.342,0.056,0.015,0.043,0.071,0.021,0.013,0.045,0.067,0.08,0.006,0.059,0.011,0.128,0.024,0.019
13,B2_1,0.16,0.025,0.059,0.064,0.047,0.033,0.034,0.051,0.077,0.02,0.013,0.047,0.016,0.043,0.259,0.054
13,B2_2,0.405,0.081,0.02,0.02,0.038,0.033,0.029,0.048,0.04,0.061,0.009,0.044,0.016,0.117,0.019,0.021
13,B2_3,0.101,0.048,0.064,0.07,0.059,0.051,0.025,0.054,0.045,0.032,0.058,0.046,0.019,0.049,0.192,0.086
13,y1,0.181,0.074,0.029,0.026,0.054,0.039,0.02,0.033,0.082,0.042,0.031,0.13,0.03,0.18,0.037,0.012
13,y2,0.177,0.054,0.035,0.075,0.066,0.05,0.036,0.093,0.03,0.078,0.035,0.03,0.014,0.06,0.088,0.079
13,y3,0.201,0.063,0.022,0.048,0.088,0.047,0.023,0.061,0.051,0.031,0.054,0.071,0.028,0.087,0.083,0.04
14,.,0.191,0.111,0.026,0.04,0.044,0.055,0.023,0.063,0.038,0.045,0.087,0.079,0.027,0.086,0.039,0.046
14,A1_1,0.135,0.037,0.033,0.109,0.106,0.024,0.011,0.048,0.086,0.042,0.027,0.077,0.018,0.089,0.103,0.054
14,A1_2,0.253,0.077,0.026,0.031,0.043,0.051,0.032,0.057,0.084,0.032,0.019,0.089,0.02,0.088,0.073,0.025
14,A1_3,0.164,0.087,0.035,0.087,0.042,0.042,0.023,0.059,0.087,0.076,0.011,0.093,0.018,0.06,0.05,0.066
14,B1_1,0.101,0.07,0.027,0.029,0.077,0.033,0.031,0.04,0.126,0.024,0.043,0.108,0.063,0.092,0.121,0.015
14,B1_2,0.212,0.079,0.024,0.035,0.05,0.069,0.033,0.093,0.032,0.029,0.047,0.03,0.012,0.066,0.086,0.102
14,B1_3,0.076,0.061,0.018,0.052,0.083,0.05,0.018,0.057,0.063,0.016,0.126,0.101,0.038,0.04,0.173,0.029
14,A2_1,0.235,0.047,0.04,0.066,0.049,0.037,0.034,0.073,0.065,0.098,0.004,0.044,0.011,0.1,0.031,0.066
14,A2_2,0.111,0.051,0.051,0.069,0.03,0.061,0.031,0.048,0.059,0.021,0.082,0.118,0.028,0.054,0.123,0.063
14,A2_3,0.359,0.053,0.016,0.042,0.067,0.021,0.013,0.045,0.063,0.078,0.006,0.056,0.011,0.126,0.024,0.02
14,B2_1,0.167,0.025,0.058,0.063,0.047,0.032,0.034,0.05,0.076,0.02,0.014,0.047,0.016,0.043,0.258,0.052
14,B2_2,0.42,0.077,0.021,0.02,0.036,0.033,0.029,0.048,0.037,0.06,0.008,0.041,0.015,0.113,0.019,0.022
14,B2_3,0.104,0.048,0.064,0.069,0.059,0.051,0.025,0.053,0.044,0.031,0.06,0.046,0.02,0.049,0.192,0.084
14,y1,0.195,0.072,0.029,0.025,0.052,0.039,0.021,0.033,0.078,0.043,0.029,0.124,0.028,0.182,0.035,0.013
14,y2,0.18,0.052,0.036,0.074,0.068,0.05,0.036,0.09,0.029,0.077,0.038,0.029,0.015,0.059,0.092,0.077
14,y3,0.223,0.061,0.022,0.046,0.086,0.047,0.023,0.06,0.048,0.032,0.05,0.068,0.026,0.093,0.076,0.039
15,.,0.196,0.11,0.026,0.04,0.043,0.056,0.024,0.063,0.037,0.044,0.087,0.077,0.027,0.084,0.04,0.047
15,A1_1,0.141,0.036,0.033,0.107,0.104,0.024,0.011,0.048,0.083,0.041,0.028,0.075,0.018,0.088,0.106,0.056
15,A1_2,0.263,0.076,0.026,0.03,0.042,0.051,0.033,0.057,0.081,0.032,0.019,0.086,0.02,0.086,0.073,0.025
15,A1_3,0.171,0.086,0.034,0.085,0.042,0.043,0.024,0.059,0.085,0.076,0.011,0.09,0.018,0.06,0.049,0.067
15,B1_1,0.107,0.07,0.027,0.03,0.076,0.033,0.032,0.041,0.122,0.024,0.043,0.104,0.062,0.09,0.124,0.016
15,B1_2,0.221,0.077,0.024,0.034,0.05,0.068,0.034,0.091,0.032,0.028,0.047,0.03,0.012,0.066,0.085,0.1
15,B1_3,0.083,0.061,0.018,0.052,0.082,0.051,0.019,0.058,0.061,0.016,0.123,0.096,0.037,0.039,0.173,0.03
15,A2_1,0.251,0.046,0.039,0.062,0.047,0.037,0.033,0.071,0.063,0.095,0.004,0.043,0.011,0.101,0.031,0.065
15,A2_2,0.117,0.051,0.051,0.069,0.03,0.06,0.031,0.048,0.058,0.022,0.08,0.115,0.028,0.053,0.122,0.064
15,A2_3,0.374,0.051,0.016,0.041,0.064,0.021,0.014,0.045,0.06,0.075,0.006,0.053,0.011,0.124,0.025,0.021
15,B2_1,0.175,0.025,0.057,0.061,0.046,0.032,0.034,0.049,0.074,0.02,0.014,0.046,0.016,0.044,0.257,0.051
15,B2_2,0.434,0.074,0.021,0.019,0.035,0.033,0.029,0.048,0.035,0.059,0.008,0.039,0.014,0.11,0.018,0.023
15,B2_3,0.108,0.048,0.064,0.068,0.059,0.051,0.026,0.053,0.043,0.03,0.061,0.046,0.02,0.049,0.192,0.084
15,y1,0.209,0.072,0.029,0.025,0.051,0.041,0.021,0.034,0.074,0.044,0.029,0.118,0.027,0.178,0.035,0.014
15,y2,0.185,0.052,0.036,0.072,0.068,0.049,0.036,0.089,0.028,0.075,0.039,0.029,0.015,0.058,0.093,0.076
15,y3,0.237,0.06,0.021,0.044,0.084,0.047,0.024,0.061,0.046,0.032,0.048,0.064,0.025,0.093,0.075,0.04
16,.,0.2,0.109,0.026,0.04,0.043,0.056,0.024,0.064,0.037,0.044,0.086,0.075,0.027,0.083,0.04,0.047
16,A1_1,0.145,0.036,0.033,0.105,0.103,0.025,0.012,0.048,0.081,0.041,0.028,0.072,0.018,0.088,0.107,0.058
16,A1_2,0.274,0.074,0.026,0.029,0.041,0.051,0.034,0.057,0.077,0.031,0.019,0.082,0.019,0.085,0.073,0.026
16,A1_3,0.178,0.085,0.034,0.084,0.041,0.043,0.025,0.059,0.082,0.076,0.011,0.087,0.018,0.06,0.049,0.067
16,B1_1,0.112,0.068,0.028,0.03,0.075,0.033,0.033,0.042,0.119,0.023,0.043,0.101,0.061,0.089,0.127,0.016
16,B1_2,0.231,0.076,0.024,0.033,0.048,0.068,0.034,0.09,0.031,0.028,0.046,0.03,0.012,0.067,0.083,0.099
16,B1_3,0.091,0.061,0.018,0.052,0.08,0.051,0.02,0.06,0.058,0.016,0.121,0.093,0.037,0.039,0.171,0.032
16,A2_1,0.263,0.045,0.039,0.06,0.046,0.036,0.034,0.069,0.061,0.094,0.004,0.042,0.011,0.102,0.031,0.065
16,A2_2,0.122,0.051,0.051,0.069,0.031,0.06,0.031,0.048,0.057,0.022,0.079,0.113,0.028,0.053,0.121,0.063
16,A2_3,0.388,0.049,0.016,0.04,0.061,0.021,0.014,0.044,0.057,0.073,0.006,0.05,0.01,0.123,0.025,0.022
16,B2_1,0.181,0.025,0.056,0.059,0.046,0.031,0.034,0.049,0.073,0.019,0.014,0.046,0.017,0.044,0.255,0.05
16,B2_2,0.446,0.071,0.021,0.019,0.033,0.033,0.03,0.048,0.034,0.058,0.008,0.036,0.014,0.107,0.018,0.025
16,B2_3,0.11,0.048,0.064,0.067,0.058,0.051,0.026,0.053,0.042,0.03,0.064,0.046,0.021,0.048,0.19,0.082
16,y1,0.222,0.071,0.029,0.025,0.049,0.041,0.021,0.034,0.071,0.044,0.028,0.112,0.026,0.178,0.034,0.014
16,y2,0.187,0.051,0.036,0.072,0.069,0.049,0.036,0.087,0.028,0.075,0.041,0.028,0.016,0.058,0.094,0.074
16,y3,0.254,0.058,0.021,0.042,0.082,0.047,0.024,0.06,0.044,0.031,0.046,0.06,0.024,0.096,0.072,0.04
17,.,0.202,0.109,0.026,0.039,0.042,0.056,0.024,0.064,0.036,0.044,0.087,0.074,0.027,0.082,0.04,0.048
17,A1_1,0.149,0.036,0.034,0.103,0.101,0.025,0.012,0.048,0.08,0.04,0.028,0.07,0.018,0.088,0.11,0.059
17,A1_2,0.279,0.074,0.026,0.029,0.04,0.052,0.034,0.057,0.075,0.031,0.019,0.081,0.02,0.084,0.074,0.026
17,A1_3,0.184,0.085,0.034,0.083,0.041,0.043,0.025,0.06,0.08,0.076,0.011,0.084,0.018,0.06,0.048,0.069
17,B1_1,0.116,0.068,0.028,0.03,0.074,0.033,0.033,0.042,0.117,0.023,0.043,0.099,0.061,0.088,0.129,0.017
17,B1_2,0.239,0.075,0.024,0.033,0.048,0.068,0.034,0.089,0.031,0.027,0.046,0.029,0.012,0.067,0.082,0.098
17,B1_3,0.098,0.061,0.019,0.052,0.079,0.052,0.02,0.06,0.056,0.017,0.119,0.089,0.036,0.039,0.17,0.034
17,A2_1,0.275,0.044,0.038,0.057,0.045,0.035,0.033,0.067,0.06,0.091,0.004,0.041,0.011,0.103,0.031,0.063
17,A2_2,0.127,0.051,0.05,0.07,0.031,0.06,0.031,0.049,0.056,0.022,0.077,0.111,0.028,0.052,0.119,0.066
17,A2_3,0.397,0.047,0.017,0.039,0.059,0.021,0.014,0.044,0.056,0.071,0.006,0.048,0.01,0.122,0.026,0.023
17,B2_1,0.189,0.025,0.055,0.058,0.046,0.032,0.034,0.048,0.071,0.019,0.015,0.046,0.017,0.044,0.252,0.05
17,B2_2,0.453,0.069,0.021,0.019,0.032,0.033,0.03,0.048,0.033,0.058,0.007,0.035,0.014,0.105,0.018,0.025
17,B2_3,0.115,0.048,0.063,0.066,0.057,0.052,0.026,0.052,0.042,0.03,0.064,0.046,0.021,0.048,0.187,0.084
17,y1,0.229,0.071,0.029,0.025,0.049,0.041,0.022,0.035,0.069,0.044,0.027,0.109,0.026,0.175,0.035,0.015
17,y2,0.193,0.05,0.035,0.07,0.069,0.049,0.037,0.087,0.027,0.073,0.041,0.028,0.016,0.057,0.094,0.075
17,y3,0.259,0.057,0.021,0.041,0.08,0.047,0.024,0.06,0.043,0.031,0.045,0.059,0.023,0.094,0.073,0.042
18,.,0.204,0.108,0.026,0.039,0.042,0.056,0.025,0.063,0.036,0.044,0.087,0.073,0.027,0.081,0.04,0.049
18,A1_1,0.152,0.035,0.034,0.101,0.099,0.025,0.012,0.048,0.078,0.039,0.028,0.069,0.018,0.088,0.112,0.061
18,A1_2,0.287,0.072,0.026,0.028,0.039,0.052,0.035,0.056,0.073,0.03,0.02,0.078,0.02,0.083,0.075,0.026
18,A1_3,0.19,0.085,0.034,0.081,0.04,0.043,0.026,0.06,0.077,0.076,0.012,0.082,0.018,0.059,0.048,0.07
18,B1_1,0.119,0.066,0.029,0.03,0.073,0.033,0.034,0.042,0.114,0.023,0.043,0.096,0.06,0.087,0.132,0.017
18,B1_2,0.248,0.073,0.024,0.032,0.046,0.067,0.034,0.087,0.03,0.026,0.045,0.029,0.012,0.067,0.081,0.097
18,B1_3,0.105,0.062,0.019,0.052,0.076,0.053,0.021,0.061,0.054,0.017,0.118,0.086,0.035,0.039,0.167,0.035
18,A2_1,0.288,0.043,0.038,0.055,0.044,0.035,0.033,0.065,0.058,0.088,0.004,0.04,0.011,0.105,0.031,0.062
18,A2_2,0.131,0.051,0.051,0.07,0.031,0.06,0.031,0.048,0.055,0.023,0.077,0.11,0.028,0.052,0.117,0.066
18,A2_3,0.409,0.045,0.017,0.038,0.057,0.021,0.015,0.044,0.054,0.069,0.006,0.046,0.01,0.121,0.027,0.023
18,B2_1,0.194,0.025,0.055,0.057,0.046,0.032,0.034,0.048,0.07,0.019,0.015,0.046,0.017,0.044,0.249,0.05
18,B2_2,0.462,0.066,0.021,0.019,0.032,0.033,0.03,0.048,0.032,0.057,0.007,0.033,0.013,0.103,0.018,0.026
18,B2_3,0.117,0.049,0.064,0.065,0.056,0.053,0.027,0.052,0.041,0.029,0.066,0.047,0.021,0.047,0.183,0.084
18,y1,0.239,0.069,0.029,0.025,0.048,0.041,0.022,0.035,0.067,0.044,0.026,0.104,0.025,0.174,0.035,0.016
18,y2,0.196,0.05,0.035,0.069,0.069,0.049,0.037,0.085,0.026,0.072,0.042,0.028,0.016,0.056,0.094,0.075
18,y3,0.271,0.055,0.021,0.04,0.078,0.047,0.025,0.06,0.041,0.031,0.043,0.056,0.023,0.095,0.071,0.042
19,.,0.206,0.107,0.027,0.039,0.041,0.057,0.025,0.064,0.035,0.043,0.087,0.072,0.027,0.08,0.04,0.05
19,A1_1,0.156,0.035,0.034,0.1,0.098,0.025,0.013,0.048,0.077,0.038,0.028,0.067,0.018,0.087,0.114,0.063
19,A1_2,0.293,0.071,0.027,0.028,0.038,0.052,0.036,0.056,0.07,0.029,0.02,0.076,0.02,0.081,0.075,0.027
19,A1_3,0.196,0.083,0.034,0.08,0.039,0.043,0.026,0.06,0.076,0.076,0.012,0.08,0.018,0.059,0.047,0.071
19,B1_1,0.123,0.065,0.029,0.03,0.072,0.034,0.034,0.042,0.112,0.023,0.044,0.093,0.06,0.085,0.135,0.018
19,B1_2,0.255,0.072,0.024,0.031,0.046,0.067,0.034,0.086,0.03,0.026,0.045,0.029,0.012,0.067,0.081,0.096
19,B1_3,0.111,0.061,0.02,0.051,0.075,0.053,0.022,0.062,0.052,0.017,0.117,0.084,0.035,0.039,0.165,0.037
19,A2_1,0.3,0.042,0.037,0.053,0.043,0.034,0.033,0.064,0.056,0.085,0.004,0.038,0.01,0.105,0.031,0.062
19,A2_2,0.135,0.051,0.051,0.069,0.031,0.06,0.031,0.048,0.055,0.023,0.076,0.109,0.027,0.052,0.115,0.067
19,A2_3,0.419,0.044,0.017,0.038,0.055,0.021,0.015,0.044,0.052,0.066,0.005,0.043,0.01,0.119,0.027,0.025
19,B2_1,0.2,0.025,0.054,0.055,0.046,0.032,0.034,0.048,0.07,0.019,0.016,0.046,0.017,0.044,0.246,0.049
19,B2_2,0.47,0.064,0.021,0.019,0.031,0.033,0.031,0.048,0.031,0.055,0.007,0.032,0.013,0.1,0.019,0.028
19,B2_3,0.12,0.048,0.064,0.064,0.056,0.053,0.027,0.052,0.041,0.029,0.067,0.047,0.021,0.047,0.18,0.084
19,y1,0.249,0.069,0.029,0.024,0.047,0.042,0.023,0.036,0.065,0.044,0.026,0.099,0.024,0.171,0.036,0.016
19,y2,0.2,0.049,0.035,0.068,0.069,0.049,0.037,0.084,0.026,0.071,0.043,0.027,0.017,0.056,0.094,0.074
19,y3,0.28,0.054,0.021,0.039,0.077,0.047,0.025,0.06,0.04,0.03,0.042,0.053,0.022,0.094,0.071,0.044
20,.,0.208,0.107,0.027,0.039,0.041,0.057,0.025,0.064,0.035,0.043,0.087,0.071,0.027,0.08,0.04,0.051
20,A1_1,0.158,0.034,0.035,0.098,0.097,0.026,0.013,0.048,0.076,0.037,0.028,0.065,0.018,0.087,0.116,0.064
20,A1_2,0.3,0.07,0.027,0.027,0.037,0.053,0.037,0.056,0.068,0.029,0.02,0.074,0.02,0.08,0.076,0.028
20,A1_3,0.2,0.083,0.034,0.079,0.039,0.043,0.027,0.06,0.074,0.076,0.012,0.078,0.018,0.059,0.047,0.071
20,B1_1,0.126,0.064,0.029,0.03,0.072,0.034,0.035,0.043,0.11,0.023,0.044,0.091,0.059,0.084,0.137,0.019
20,B1_2,0.262,0.071,0.024,0.03,0.045,0.067,0.035,0.084,0.029,0.025,0.045,0.029,0.012,0.067,0.081,0.096
20,B1_3,0.117,0.062,0.02,0.051,0.073,0.054,0.022,0.063,0.05,0.018,0.116,0.081,0.035,0.039,0.161,0.038
20,A2_1,0.311,0.041,0.037,0.051,0.042,0.034,0.033,0.062,0.055,0.083,0.004,0.037,0.01,0.105,0.032,0.062
20,A2_2,0.137,0.051,0.051,0.069,0.031,0.06,0.031,0.048,0.054,0.023,0.076,0.109,0.028,0.052,0.112,0.067
20,A2_3,0.429,0.042,0.018,0.037,0.053,0.021,0.015,0.043,0.05,0.064,0.005,0.041,0.009,0.117,0.028,0.026
20,B2_1,0.204,0.025,0.054,0.055,0.046,0.032,0.034,0.047,0.069,0.019,0.016,0.046,0.018,0.045,0.241,0.049
20,B2_2,0.479,0.062,0.021,0.018,0.03,0.033,0.031,0.048,0.029,0.054,0.007,0.03,0.013,0.097,0.019,0.029
20,B2_3,0.12,0.049,0.064,0.063,0.055,0.054,0.028,0.051,0.04,0.029,0.07,0.048,0.022,0.047,0.175,0.085
20,y1,0.261,0.067,0.029,0.024,0.047,0.042,0.023,0.036,0.062,0.043,0.025,0.095,0.024,0.168,0.036,0.017
20,y2,0.201,0.049,0.035,0.067,0.069,0.05,0.038,0.083,0.026,0.069,0.045,0.027,0.017,0.055,0.094,0.074
20,y3,0.292,0.052,0.021,0.038,0.075,0.047,0.025,0.06,0.038,0.03,0.04,0.05,0.021,0.094,0.071,0.045
21,.,0.209,0.106,0.027,0.039,0.04,0.057,0.025,0.064,0.035,0.042,0.088,0.07,0.027,0.079,0.04,0.051
21,A1_1,0.16,0.034,0.035,0.096,0.095,0.026,0.013,0.048,0.074,0.036,0.028,0.064,0.018,0.087,0.119,0.066
21,A1_2,0.303,0.069,0.027,0.027,0.037,0.054,0.037,0.056,0.066,0.028,0.021,0.073,0.02,0.078,0.077,0.028
21,A1_3,0.205,0.082,0.034,0.078,0.039,0.044,0.027,0.06,0.073,0.075,0.012,0.076,0.018,0.059,0.047,0.072
21,B1_1,0.128,0.063,0.029,0.031,0.071,0.034,0.035,0.043,0.108,0.022,0.044,0.089,0.059,0.082,0.141,0.02
21,B1_2,0.268,0.07,0.023,0.029,0.044,0.066,0.035,0.083,0.029,0.025,0.044,0.029,0.012,0.067,0.08,0.096
21,B1_3,0.122,0.06,0.021,0.051,0.072,0.055,0.023,0.063,0.049,0.018,0.115,0.078,0.034,0.038,0.162,0.04
21,A2_1,0.32,0.041,0.037,0.049,0.041,0.033,0.033,0.061,0.053,0.081,0.004,0.036,0.01,0.104,0.032,0.062
21,A2_2,0.141,0.05,0.051,0.069,0.031,0.06,0.031,0.048,0.054,0.023,0.076,0.107,0.028,0.052,0.112,0.068
21,A2_3,0.436,0.041,0.018,0.036,0.051,0.021,0.016,0.043,0.049,0.062,0.005,0.04,0.009,0.115,0.029,0.027
21,B2_1,0.21,0.025,0.054,0.053,0.045,0.032,0.034,0.047,0.068,0.019,0.016,0.046,0.018,0.045,0.241,0.049
21,B2_2,0.483,0.061,0.022,0.018,0.029,0.033,0.032,0.048,0.028,0.053,0.007,0.029,0.012,0.095,0.019,0.03
21,B2_3,0.124,0.049,0.064,0.062,0.055,0.055,0.028,0.051,0.04,0.028,0.07,0.047,0.022,0.047,0.175,0.085
21,y1,0.267,0.067,0.029,0.024,0.046,0.043,0.023,0.036,0.06,0.043,0.025,0.092,0.023,0.164,0.037,0.018
21,y2,0.207,0.048,0.035,0.066,0.068,0.05,0.038,0.083,0.025,0.068,0.045,0.027,0.017,0.055,0.094,0.074
21,y3,0.296,0.051,0.021,0.038,0.073,0.048,0.026,0.06,0.037,0.029,0.04,0.049,0.021,0.092,0.072,0.047
22,.,0.209,0.106,0.027,0.039,0.04,0.058,0.026,0.064,0.035,0.042,0.088,0.07,0.027,0.078,0.04,0.052
22,A1_1,0.161,0.033,0.035,0.095,0.094,0.026,0.014,0.048,0.073,0.036,0.029,0.063,0.018,0.087,0.121,0.068
22,A1_2,0.307,0.068,0.027,0.026,0.036,0.054,0.038,0.055,0.065,0.027,0.021,0.071,0.02,0.077,0.078,0.029
22,A1_3,0.208,0.082,0.034,0.077,0.038,0.044,0.027,0.06,0.071,0.076,0.012,0.075,0.018,0.059,0.046,0.073
22,B1_1,0.13,0.062,0.03,0.031,0.071,0.034,0.036,0.044,0.106,0.022,0.044,0.087,0.059,0.081,0.144,0.02
22,B1_2,0.272,0.069,0.023,0.028,0.043,0.066,0.035,0.082,0.029,0.024,0.044,0.029,0.012,0.067,0.08,0.095
22,B1_3,0.127,0.061,0.021,0.05,0.07,0.055,0.023,0.063,0.047,0.018,0.115,0.076,0.034,0.038,0.159,0.041
22,A2_1,0.327,0.04,0.037,0.048,0.041,0.033,0.033,0.06,0.052,0.078,0.004,0.035,0.01,0.105,0.033,0.062
22,A2_2,0.142,0.05,0.051,0.069,0.03,0.06,0.031,0.048,0.053,0.023,0.076,0.107,0.028,0.052,0.109,0.069
22,A2_3,0.442,0.04,0.018,0.036,0.05,0.021,0.016,0.043,0.047,0.06,0.005,0.038,0.009,0.114,0.03,0.028
22,B2_1,0.213,0.025,0.053,0.053,0.045,0.032,0.035,0.046,0.068,0.019,0.017,0.046,0.018,0.045,0.236,0.049
22,B2_2,0.487,0.06,0.022,0.018,0.029,0.033,0.032,0.048,0.028,0.052,0.007,0.028,0.012,0.093,0.019,0.031
22,B2_3,0.124,0.049,0.064,0.061,0.054,0.055,0.028,0.051,0.039,0.028,0.073,0.048,0.022,0.047,0.17,0.086
22,y1,0.274,0.066,0.029,0.024,0.046,0.043,0.024,0.037,0.059,0.042,0.025,0.088,0.023,0.162,0.038,0.019
22,y2,0.207,0.048,0.035,0.066,0.068,0.05,0.039,0.082,0.025,0.068,0.046,0.027,0.017,0.054,0.093,0.075
22,y3,0.302,0.05,0.021,0.037,0.072,0.048,0.027,0.06,0.036,0.029,0.039,0.047,0.02,0.091,0.073,0.048
23,.,0.21,0.106,0.027,0.039,0.04,0.058,0.026,0.063,0.034,0.042,0.088,0.069,0.027,0.077,0.04,0.053
23,A1_1,0.163,0.033,0.035,0.094,0.093,0.026,0.014,0.048,0.072,0.035,0.029,0.061,0.018,0.086,0.123,0.069
23,A1_2,0.311,0.068,0.027,0.026,0.035,0.055,0.039,0.055,0.063,0.027,0.021,0.07,0.02,0.076,0.079,0.029
23,A1_3,0.211,0.081,0.034,0.076,0.038,0.044,0.028,0.06,0.07,0.075,0.012,0.073,0.018,0.059,0.046,0.074
23,B1_1,0.132,0.062,0.03,0.031,0.07,0.035,0.036,0.044,0.104,0.022,0.044,0.085,0.058,0.08,0.146,0.021
23,B1_2,0.278,0.068,0.023,0.028,0.043,0.066,0.035,0.08,0.029,0.023,0.044,0.028,0.012,0.068,0.079,0.095
23,B1_3,0.132,0.061,0.022,0.05,0.069,0.056,0.024,0.063,0.046,0.018,0.114,0.074,0.034,0.038,0.157,0.043
23,A2_1,0.336,0.039,0.036,0.047,0.04,0.032,0.033,0.058,0.051,0.077,0.004,0.035,0.01,0.106,0.033,0.062
23,A2_2,0.145,0.05,0.051,0.069,0.03,0.061,0.032,0.048,0.052,0.023,0.075,0.105,0.028,0.051,0.108,0.07
23,A2_3,0.448,0.039,0.018,0.035,0.048,0.021,0.016,0.043,0.046,0.059,0.005,0.037,0.009,0.113,0.031,0.029
23,B2_1,0.218,0.025,0.053,0.052,0.045,0.032,0.035,0.046,0.066,0.019,0.017,0.046,0.018,0.045,0.234,0.049
23,B2_2,0.492,0.058,0.022,0.018,0.029,0.033,0.032,0.048,0.027,0.052,0.007,0.027,0.012,0.092,0.019,0.032
23,B2_3,0.126,0.049,0.064,0.061,0.053,0.056,0.029,0.051,0.039,0.028,0.073,0.048,0.023,0.046,0.168,0.087
23,y1,0.281,0.066,0.029,0.024,0.045,0.043,0.024,0.037,0.057,0.042,0.024,0.086,0.023,0.16,0.038,0.019
23,y2,0.211,0.048,0.035,0.065,0.068,0.05,0.039,0.081,0.024,0.067,0.046,0.027,0.018,0.054,0.092,0.076
23,y3,0.307,0.049,0.021,0.037,0.071,0.048,0.027,0.06,0.035,0.028,0.039,0.045,0.02,0.089,0.073,0.05
24,.,0.21,0.105,0.027,0.039,0.04,0.058,0.026,0.063,0.034,0.042,0.089,0.069,0.027,0.077,0.04,0.053
24,A1_1,0.164,0.033,0.036,0.093,0.092,0.026,0.014,0.048,0.071,0.034,0.029,0.06,0.018,0.086,0.125,0.071
24,A1_2,0.312,0.067,0.027,0.025,0.035,0.056,0.04,0.055,0.062,0.026,0.022,0.069,0.02,0.075,0.08,0.03
24,A1_3,0.213,0.081,0.034,0.075,0.038,0.044,0.028,0.061,0.069,0.075,0.012,0.072,0.018,0.06,0.046,0.075
24,B1_1,0.132,0.061,0.03,0.031,0.07,0.035,0.037,0.044,0.103,0.021,0.045,0.084,0.058,0.078,0.15,0.022
24,B1_2,0.283,0.067,0.023,0.027,0.042,0.066,0.036,0.079,0.029,0.023,0.043,0.028,0.012,0.068,0.079,0.094
24,B1_3,0.135,0.061,0.022,0.05,0.068,0.056,0.024,0.063,0.044,0.018,0.115,0.072,0.034,0.038,0.156,0.044
24,A2_1,0.341,0.039,0.036,0.045,0.04,0.032,0.033,0.057,0.051,0.074,0.004,0.035,0.01,0.106,0.034,0.063
24,A2_2,0.146,0.05,0.052,0.069,0.03,0.061,0.032,0.048,0.052,0.023,0.075,0.105,0.028,0.051,0.108,0.07
