,,.,A1_1,A1_2,A1_3,B1_1,B1_2,B1_3,A2_1,A2_2,A2_3,B2_1,B2_2,B2_3,y1,y2,y3
1,.,1.0,0.841,0.957,0.803,0.735,0.916,0.771,0.908,0.889,0.874,0.879,0.902,0.86,0.841,0.907,0.88
1,A1_1,0.841,1.0,0.914,0.759,0.731,0.806,0.757,0.778,0.86,0.645,0.792,0.826,0.777,0.673,0.919,0.848
1,A1_2,0.957,0.914,1.0,0.77,0.789,0.892,0.843,0.904,0.942,0.827,0.943,0.952,0.877,0.824,0.944,0.902
1,A1_3,0.803,0.759,0.77,1.0,0.609,0.909,0.761,0.652,0.702,0.621,0.79,0.678,0.84,0.756,0.745,0.787
1,B1_1,0.735,0.731,0.789,0.609,1.0,0.792,0.759,0.852,0.755,0.698,0.776,0.794,0.858,0.843,0.819,0.828
1,B1_2,0.916,0.806,0.892,0.909,0.792,1.0,0.79,0.855,0.793,0.781,0.889,0.853,0.931,0.889,0.863,0.908
1,B1_3,0.771,0.757,0.843,0.761,0.759,0.79,1.0,0.664,0.927,0.542,0.861,0.745,0.858,0.698,0.838,0.776
1,A2_1,0.908,0.778,0.904,0.652,0.852,0.855,0.664,1.0,0.807,0.939,0.867,0.955,0.881,0.926,0.885,0.818
1,A2_2,0.889,0.86,0.942,0.702,0.755,0.793,0.927,0.807,1.0,0.702,0.878,0.868,0.853,0.735,0.938,0.789
1,A2_3,0.874,0.645,0.827,0.621,0.698,0.781,0.542,0.939,0.702,1.0,0.817,0.874,0.779,0.915,0.751,0.717
1,B2_1,0.879,0.792,0.943,0.79,0.776,0.889,0.861,0.867,0.878,0.817,1.0,0.941,0.913,0.876,0.856,0.857
1,B2_2,0.902,0.826,0.952,0.678,0.794,0.853,0.745,0.955,0.868,0.874,0.941,1.0,0.891,0.868,0.91,0.818
1,B2_3,0.86,0.777,0.877,0.84,0.858,0.931,0.858,0.881,0.853,0.779,0.913,0.891,1.0,0.924,0.911,0.801
1,y1,0.841,0.673,0.824,0.756,0.843,0.889,0.698,0.926,0.735,0.915,0.876,0.868,0.924,1.0,0.798,0.775
1,y2,0.907,0.919,0.944,0.745,0.819,0.863,0.838,0.885,0.938,0.751,0.856,0.91,0.911,0.798,1.0,0.81
1,y3,0.88,0.848,0.902,0.787,0.828,0.908,0.776,0.818,0.789,0.717,0.857,0.818,0.801,0.775,0.81,1.0
2,.,1.0,0.858,0.962,0.819,0.748,0.927,0.787,0.909,0.894,0.877,0.888,0.909,0.876,0.85,0.915,0.889
2,A1_1,0.858,1.0,0.918,0.773,0.742,0.826,0.772,0.79,0.871,0.665,0.802,0.836,0.795,0.691,0.928,0.859
2,A1_2,0.962,0.918,1.0,0.78,0.802,0.905,0.855,0.909,0.946,0.837,0.947,0.956,0.892,0.838,0.951,0.91
2,A1_3,0.819,0.773,0.78,1.0,0.617,0.915,0.768,0.663,0.718,0.635,0.795,0.693,0.848,0.76,0.755,0.796
2,B1_1,0.748,0.742,0.802,0.617,1.0,0.796,0.762,0.861,0.764,0.717,0.787,0.807,0.86,0.85,0.82,0.836
2,B1_2,0.927,0.826,0.905,0.915,0.796,1.0,0.803,0.86,0.809,0.791,0.898,0.865,0.936,0.891,0.87,0.916
2,B1_3,0.787,0.772,0.855,0.768,0.762,0.803,1.0,0.675,0.935,0.565,0.87,0.76,0.865,0.71,0.848,0.787
2,A2_1,0.909,0.79,0.909,0.663,0.861,0.86,0.675,1.0,0.81,0.942,0.872,0.957,0.888,0.932,0.886,0.827
2,A2_2,0.894,0.871,0.946,0.718,0.764,0.809,0.935,0.81,1.0,0.715,0.887,0.874,0.865,0.749,0.945,0.801
2,A2_3,0.877,0.665,0.837,0.635,0.717,0.791,0.565,0.942,0.715,1.0,0.827,0.881,0.794,0.922,0.764,0.732
2,B2_1,0.888,0.802,0.947,0.795,0.787,0.898,0.87,0.872,0.887,0.827,1.0,0.944,0.921,0.885,0.865,0.867
2,B2_2,0.909,0.836,0.956,0.693,0.807,0.865,0.76,0.957,0.874,0.881,0.944,1.0,0.902,0.879,0.915,0.831
2,B2_3,0.876,0.795,0.892,0.848,0.86,0.936,0.865,0.888,0.865,0.794,0.921,0.902,1.0,0.928,0.914,0.817
2,y1,0.85,0.691,0.838,0.76,0.85,0.891,0.71,0.932,0.749,0.922,0.885,0.879,0.928,1.0,0.805,0.787
2,y2,0.915,0.928,0.951,0.755,0.82,0.87,0.848,0.886,0.945,0.764,0.865,0.915,0.914,0.805,1.0,0.821
2,y3,0.889,0.859,0.91,0.796,0.836,0.916,0.787,0.827,0.801,0.732,0.867,0.831,0.817,0.787,0.821,1.0
3,.,1.0,0.874,0.966,0.834,0.76,0.936,0.801,0.91,0.898,0.881,0.896,0.915,0.89,0.858,0.922,0.896
3,A1_1,0.874,1.0,0.922,0.786,0.754,0.845,0.786,0.803,0.881,0.686,0.812,0.848,0.812,0.71,0.936,0.87
3,A1_2,0.966,0.922,1.0,0.791,0.816,0.916,0.866,0.913,0.949,0.846,0.951,0.96,0.905,0.851,0.956,0.916
3,A1_3,0.834,0.786,0.791,1.0,0.627,0.921,0.777,0.675,0.734,0.65,0.801,0.709,0.856,0.766,0.766,0.805
3,B1_1,0.76,0.754,0.816,0.627,1.0,0.801,0.768,0.87,0.774,0.735,0.799,0.82,0.863,0.858,0.823,0.844
3,B1_2,0.936,0.845,0.916,0.921,0.801,1.0,0.816,0.866,0.825,0.802,0.907,0.876,0.941,0.893,0.878,0.923
3,B1_3,0.801,0.786,0.866,0.777,0.768,0.816,1.0,0.689,0.942,0.589,0.879,0.775,0.873,0.724,0.859,0.799
3,A2_1,0.91,0.803,0.913,0.675,0.87,0.866,0.689,1.0,0.815,0.945,0.877,0.959,0.894,0.937,0.888,0.836
3,A2_2,0.898,0.881,0.949,0.734,0.774,0.825,0.942,0.815,1.0,0.728,0.895,0.881,0.877,0.764,0.951,0.813
3,A2_3,0.881,0.686,0.846,0.65,0.735,0.802,0.589,0.945,0.728,1.0,0.836,0.888,0.808,0.928,0.777,0.747
3,B2_1,0.896,0.812,0.951,0.801,0.799,0.907,0.879,0.877,0.895,0.836,1.0,0.948,0.929,0.894,0.874,0.877
3,B2_2,0.915,0.848,0.96,0.709,0.82,0.876,0.775,0.959,0.881,0.888,0.948,1.0,0.911,0.89,0.92,0.844
3,B2_3,0.89,0.812,0.905,0.856,0.863,0.941,0.873,0.894,0.877,0.808,0.929,0.911,1.0,0.931,0.918,0.832
3,y1,0.858,0.71,0.851,0.766,0.858,0.893,0.724,0.937,0.764,0.928,0.894,0.89,0.931,1.0,0.814,0.8
3,y2,0.922,0.936,0.956,0.766,0.823,0.878,0.859,0.888,0.951,0.777,0.874,0.92,0.918,0.814,1.0,0.832
3,y3,0.896,0.87,0.916,0.805,0.844,0.923,0.799,0.836,0.813,0.747,0.877,0.844,0.832,0.8,0.832,1.0
4,.,1.0,0.888,0.969,0.848,0.771,0.943,0.812,0.912,0.902,0.884,0.902,0.92,0.901,0.865,0.927,0.902
4,A1_1,0.888,1.0,0.926,0.798,0.766,0.86,0.799,0.814,0.89,0.704,0.822,0.858,0.827,0.727,0.942,0.88
4,A1_2,0.969,0.926,1.0,0.801,0.828,0.925,0.876,0.917,0.952,0.855,0.954,0.963,0.916,0.862,0.959,0.922
4,A1_3,0.848,0.798,0.801,1.0,0.637,0.926,0.784,0.687,0.748,0.664,0.808,0.723,0.864,0.773,0.777,0.814
4,B1_1,0.771,0.766,0.828,0.637,1.0,0.807,0.775,0.878,0.784,0.751,0.811,0.832,0.867,0.866,0.827,0.853
4,B1_2,0.943,0.86,0.925,0.926,0.807,1.0,0.828,0.87,0.839,0.811,0.914,0.886,0.946,0.896,0.886,0.928
4,B1_3,0.812,0.799,0.876,0.784,0.775,0.828,1.0,0.701,0.947,0.611,0.888,0.789,0.88,0.737,0.868,0.81
4,A2_1,0.912,0.814,0.917,0.687,0.878,0.87,0.701,1.0,0.82,0.947,0.882,0.961,0.899,0.941,0.891,0.844
4,A2_2,0.902,0.89,0.952,0.748,0.784,0.839,0.947,0.82,1.0,0.739,0.903,0.888,0.888,0.777,0.956,0.824
4,A2_3,0.884,0.704,0.855,0.664,0.751,0.811,0.611,0.947,0.739,1.0,0.844,0.893,0.819,0.934,0.788,0.76
4,B2_1,0.902,0.822,0.954,0.808,0.811,0.914,0.888,0.882,0.903,0.844,1.0,0.951,0.936,0.901,0.882,0.885
4,B2_2,0.92,0.858,0.963,0.723,0.832,0.886,0.789,0.961,0.888,0.893,0.951,1.0,0.92,0.9,0.925,0.855
4,B2_3,0.901,0.827,0.916,0.864,0.867,0.946,0.88,0.899,0.888,0.819,0.936,0.92,1.0,0.935,0.922,0.845
4,y1,0.865,0.727,0.862,0.773,0.866,0.896,0.737,0.941,0.777,0.934,0.901,0.9,0.935,1.0,0.822,0.811
4,y2,0.927,0.942,0.959,0.777,0.827,0.886,0.868,0.891,0.956,0.788,0.882,0.925,0.922,0.822,1.0,0.841
4,y3,0.902,0.88,0.922,0.814,0.853,0.928,0.81,0.844,0.824,0.76,0.885,0.855,0.845,0.811,0.841,1.0
5,.,1.0,0.898,0.97,0.858,0.78,0.948,0.821,0.912,0.904,0.885,0.906,0.924,0.909,0.87,0.93,0.907
5,A1_1,0.898,1.0,0.929,0.807,0.776,0.872,0.809,0.823,0.897,0.719,0.83,0.866,0.838,0.741,0.946,0.888
5,A1_2,0.97,0.929,1.0,0.808,0.838,0.932,0.883,0.92,0.954,0.861,0.956,0.965,0.924,0.871,0.962,0.927
5,A1_3,0.858,0.807,0.808,1.0,0.645,0.929,0.79,0.696,0.759,0.674,0.812,0.735,0.869,0.777,0.784,0.82
5,B1_1,0.78,0.776,0.838,0.645,1.0,0.812,0.782,0.885,0.792,0.764,0.822,0.842,0.87,0.873,0.831,0.859
5,B1_2,0.948,0.872,0.932,0.929,0.812,1.0,0.838,0.874,0.85,0.817,0.92,0.895,0.95,0.898,0.891,0.932
5,B1_3,0.821,0.809,0.883,0.79,0.782,0.838,1.0,0.712,0.952,0.628,0.896,0.802,0.887,0.75,0.877,0.819
5,A2_1,0.912,0.823,0.92,0.696,0.885,0.874,0.712,1.0,0.824,0.949,0.886,0.962,0.903,0.944,0.893,0.851
5,A2_2,0.904,0.897,0.954,0.759,0.792,0.85,0.952,0.824,1.0,0.748,0.909,0.893,0.896,0.788,0.96,0.832
5,A2_3,0.885,0.719,0.861,0.674,0.764,0.817,0.628,0.949,0.748,1.0,0.851,0.897,0.828,0.937,0.797,0.771
5,B2_1,0.906,0.83,0.956,0.812,0.822,0.92,0.896,0.886,0.909,0.851,1.0,0.954,0.941,0.908,0.889,0.892
5,B2_2,0.924,0.866,0.965,0.735,0.842,0.895,0.802,0.962,0.893,0.897,0.954,1.0,0.926,0.907,0.929,0.865
5,B2_3,0.909,0.838,0.924,0.869,0.87,0.95,0.887,0.903,0.896,0.828,0.941,0.926,1.0,0.937,0.926,0.856
5,y1,0.87,0.741,0.871,0.777,0.873,0.898,0.75,0.944,0.788,0.937,0.908,0.907,0.937,1.0,0.829,0.82
5,y2,0.93,0.946,0.962,0.784,0.831,0.891,0.877,0.893,0.96,0.797,0.889,0.929,0.926,0.829,1.0,0.849
5,y3,0.907,0.888,0.927,0.82,0.859,0.932,0.819,0.851,0.832,0.771,0.892,0.865,0.856,0.82,0.849,1.0
6,.,1.0,0.907,0.971,0.867,0.786,0.952,0.827,0.913,0.906,0.887,0.908,0.927,0.915,0.873,0.933,0.911
6,A1_1,0.907,1.0,0.931,0.814,0.784,0.882,0.817,0.832,0.902,0.733,0.836,0.873,0.848,0.753,0.95,0.894
6,A1_2,0.971,0.931,1.0,0.814,0.847,0.937,0.889,0.923,0.955,0.867,0.958,0.967,0.93,0.879,0.963,0.931
6,A1_3,0.867,0.814,0.814,1.0,0.652,0.932,0.794,0.704,0.768,0.684,0.816,0.745,0.873,0.781,0.79,0.826
6,B1_1,0.786,0.784,0.847,0.652,1.0,0.816,0.789,0.891,0.8,0.776,0.831,0.851,0.873,0.879,0.835,0.865
6,B1_2,0.952,0.882,0.937,0.932,0.816,1.0,0.845,0.877,0.859,0.823,0.925,0.902,0.953,0.899,0.897,0.936
6,B1_3,0.827,0.817,0.889,0.794,0.789,0.845,1.0,0.721,0.956,0.642,0.902,0.812,0.893,0.76,0.883,0.826
6,A2_1,0.913,0.832,0.923,0.704,0.891,0.877,0.721,1.0,0.827,0.951,0.889,0.963,0.906,0.947,0.895,0.857
6,A2_2,0.906,0.902,0.955,0.768,0.8,0.859,0.956,0.827,1.0,0.755,0.914,0.898,0.903,0.797,0.962,0.839
6,A2_3,0.887,0.733,0.867,0.684,0.776,0.823,0.642,0.951,0.755,1.0,0.855,0.9,0.835,0.94,0.804,0.78
6,B2_1,0.908,0.836,0.958,0.816,0.831,0.925,0.902,0.889,0.914,0.855,1.0,0.956,0.946,0.913,0.894,0.897
6,B2_2,0.927,0.873,0.967,0.745,0.851,0.902,0.812,0.963,0.898,0.9,0.956,1.0,0.932,0.913,0.933,0.873
6,B2_3,0.915,0.848,0.93,0.873,0.873,0.953,0.893,0.906,0.903,0.835,0.946,0.932,1.0,0.939,0.929,0.865
6,y1,0.873,0.753,0.879,0.781,0.879,0.899,0.76,0.947,0.797,0.94,0.913,0.913,0.939,1.0,0.836,0.828
6,y2,0.933,0.95,0.963,0.79,0.835,0.897,0.883,0.895,0.962,0.804,0.894,0.933,0.929,0.836,1.0,0.856
6,y3,0.911,0.894,0.931,0.826,0.865,0.936,0.826,0.857,0.839,0.78,0.897,0.873,0.865,0.828,0.856,1.0
7,.,1.0,0.913,0.971,0.874,0.791,0.955,0.831,0.913,0.906,0.888,0.909,0.928,0.919,0.875,0.934,0.913
7,A1_1,0.913,1.0,0.934,0.82,0.792,0.889,0.823,0.839,0.906,0.744,0.841,0.879,0.855,0.763,0.952,0.9
7,A1_2,0.971,0.934,1.0,0.819,0.854,0.941,0.894,0.925,0.956,0.871,0.96,0.969,0.935,0.884,0.965,0.934
7,A1_3,0.874,0.82,0.819,1.0,0.658,0.934,0.797,0.71,0.775,0.691,0.818,0.753,0.876,0.783,0.794,0.831
7,B1_1,0.791,0.792,0.854,0.658,1.0,0.82,0.795,0.896,0.807,0.785,0.839,0.858,0.877,0.885,0.839,0.871
7,B1_2,0.955,0.889,0.941,0.934,0.82,1.0,0.852,0.88,0.866,0.827,0.928,0.907,0.955,0.901,0.901,0.938
7,B1_3,0.831,0.823,0.894,0.797,0.795,0.852,1.0,0.728,0.959,0.653,0.907,0.821,0.898,0.768,0.887,0.832
7,A2_1,0.913,0.839,0.925,0.71,0.896,0.88,0.728,1.0,0.83,0.952,0.891,0.963,0.908,0.949,0.897,0.863
7,A2_2,0.906,0.906,0.956,0.775,0.807,0.866,0.959,0.83,1.0,0.761,0.918,0.902,0.909,0.805,0.964,0.845
7,A2_3,0.888,0.744,0.871,0.691,0.785,0.827,0.653,0.952,0.761,1.0,0.858,0.902,0.84,0.942,0.81,0.787
7,B2_1,0.909,0.841,0.96,0.818,0.839,0.928,0.907,0.891,0.918,0.858,1.0,0.957,0.95,0.916,0.898,0.901
7,B2_2,0.928,0.879,0.969,0.753,0.858,0.907,0.821,0.963,0.902,0.902,0.957,1.0,0.937,0.918,0.935,0.879
7,B2_3,0.919,0.855,0.935,0.876,0.877,0.955,0.898,0.908,0.909,0.84,0.95,0.937,1.0,0.941,0.931,0.872
7,y1,0.875,0.763,0.884,0.783,0.885,0.901,0.768,0.949,0.805,0.942,0.916,0.918,0.941,1.0,0.841,0.835
7,y2,0.934,0.952,0.965,0.794,0.839,0.901,0.887,0.897,0.964,0.81,0.898,0.935,0.931,0.841,1.0,0.861
7,y3,0.913,0.9,0.934,0.831,0.871,0.938,0.832,0.863,0.845,0.787,0.901,0.879,0.872,0.835,0.861,1.0
8,.,1.0,0.917,0.97,0.879,0.792,0.956,0.832,0.913,0.906,0.887,0.908,0.929,0.921,0.876,0.935,0.914
8,A1_1,0.917,1.0,0.935,0.823,0.797,0.894,0.826,0.844,0.909,0.752,0.844,0.882,0.859,0.77,0.953,0.903
8,A1_2,0.97,0.935,1.0,0.822,0.859,0.944,0.898,0.926,0.957,0.874,0.961,0.97,0.939,0.889,0.965,0.936
8,A1_3,0.879,0.823,0.822,1.0,0.661,0.936,0.798,0.714,0.779,0.695,0.819,0.758,0.877,0.783,0.796,0.834
8,B1_1,0.792,0.797,0.859,0.661,1.0,0.822,0.799,0.899,0.812,0.791,0.845,0.863,0.879,0.889,0.842,0.874
8,B1_2,0.956,0.894,0.944,0.936,0.822,1.0,0.856,0.882,0.871,0.83,0.93,0.911,0.957,0.901,0.903,0.94
8,B1_3,0.832,0.826,0.898,0.798,0.799,0.856,1.0,0.733,0.961,0.66,0.912,0.828,0.901,0.773,0.89,0.835
8,A2_1,0.913,0.844,0.926,0.714,0.899,0.882,0.733,1.0,0.832,0.952,0.892,0.963,0.909,0.951,0.898,0.867
8,A2_2,0.906,0.909,0.957,0.779,0.812,0.871,0.961,0.832,1.0,0.764,0.922,0.905,0.913,0.81,0.965,0.849
8,A2_3,0.887,0.752,0.874,0.695,0.791,0.83,0.66,0.952,0.764,1.0,0.86,0.903,0.843,0.944,0.814,0.792
8,B2_1,0.908,0.844,0.961,0.819,0.845,0.93,0.912,0.892,0.922,0.86,1.0,0.958,0.952,0.919,0.901,0.904
8,B2_2,0.929,0.882,0.97,0.758,0.863,0.911,0.828,0.963,0.905,0.903,0.958,1.0,0.941,0.922,0.937,0.884
8,B2_3,0.921,0.859,0.939,0.877,0.879,0.957,0.901,0.909,0.913,0.843,0.952,0.941,1.0,0.941,0.932,0.877
8,y1,0.876,0.77,0.889,0.783,0.889,0.901,0.773,0.951,0.81,0.944,0.919,0.922,0.941,1.0,0.845,0.84
8,y2,0.935,0.953,0.965,0.796,0.842,0.903,0.89,0.898,0.965,0.814,0.901,0.937,0.932,0.845,1.0,0.865
8,y3,0.914,0.903,0.936,0.834,0.874,0.94,0.835,0.867,0.849,0.792,0.904,0.884,0.877,0.84,0.865,1.0
9,.,1.0,0.921,0.969,0.884,0.792,0.957,0.831,0.912,0.904,0.887,0.906,0.929,0.922,0.875,0.934,0.915
9,A1_1,0.921,1.0,0.936,0.825,0.8,0.897,0.828,0.848,0.911,0.758,0.846,0.885,0.862,0.775,0.954,0.906
9,A1_2,0.969,0.936,1.0,0.824,0.864,0.946,0.9,0.927,0.958,0.876,0.961,0.97,0.941,0.892,0.966,0.938
9,A1_3,0.884,0.825,0.824,1.0,0.662,0.936,0.798,0.717,0.782,0.699,0.819,0.762,0.877,0.782,0.797,0.836
9,B1_1,0.792,0.8,0.864,0.662,1.0,0.824,0.803,0.901,0.815,0.795,0.849,0.867,0.881,0.892,0.844,0.877
9,B1_2,0.957,0.897,0.946,0.936,0.824,1.0,0.858,0.883,0.875,0.832,0.931,0.915,0.958,0.901,0.905,0.942
9,B1_3,0.831,0.828,0.9,0.798,0.803,0.858,1.0,0.736,0.962,0.665,0.915,0.833,0.904,0.777,0.892,0.838
9,A2_1,0.912,0.848,0.927,0.717,0.901,0.883,0.736,1.0,0.832,0.953,0.892,0.963,0.91,0.952,0.898,0.87
9,A2_2,0.904,0.911,0.958,0.782,0.815,0.875,0.962,0.832,1.0,0.766,0.924,0.908,0.916,0.813,0.966,0.853
9,A2_3,0.887,0.758,0.876,0.699,0.795,0.832,0.665,0.953,0.766,1.0,0.86,0.903,0.844,0.945,0.817,0.796
9,B2_1,0.906,0.846,0.961,0.819,0.849,0.931,0.915,0.892,0.924,0.86,1.0,0.959,0.954,0.92,0.902,0.907
9,B2_2,0.929,0.885,0.97,0.762,0.867,0.915,0.833,0.963,0.908,0.903,0.959,1.0,0.944,0.925,0.939,0.888
9,B2_3,0.922,0.862,0.941,0.877,0.881,0.958,0.904,0.91,0.916,0.844,0.954,0.944,1.0,0.942,0.933,0.881
9,y1,0.875,0.775,0.892,0.782,0.892,0.901,0.777,0.952,0.813,0.945,0.92,0.925,0.942,1.0,0.848,0.844
9,y2,0.934,0.954,0.966,0.797,0.844,0.905,0.892,0.898,0.966,0.817,0.902,0.939,0.933,0.848,1.0,0.868
9,y3,0.915,0.906,0.938,0.836,0.877,0.942,0.838,0.87,0.853,0.796,0.907,0.888,0.881,0.844,0.868,1.0
10,.,1.0,0.922,0.967,0.887,0.79,0.958,0.828,0.91,0.902,0.885,0.903,0.928,0.921,0.872,0.933,0.914
10,A1_1,0.922,1.0,0.937,0.826,0.801,0.899,0.828,0.85,0.911,0.762,0.846,0.886,0.863,0.778,0.954,0.908
10,A1_2,0.967,0.937,1.0,0.824,0.866,0.947,0.902,0.927,0.958,0.876,0.961,0.971,0.942,0.893,0.966,0.94
10,A1_3,0.887,0.826,0.824,1.0,0.66,0.936,0.795,0.716,0.783,0.699,0.817,0.764,0.875,0.779,0.796,0.836
10,B1_1,0.79,0.801,0.866,0.66,1.0,0.824,0.805,0.902,0.817,0.797,0.853,0.87,0.882,0.895,0.845,0.879
10,B1_2,0.958,0.899,0.947,0.936,0.824,1.0,0.86,0.883,0.878,0.832,0.932,0.917,0.958,0.9,0.906,0.942
10,B1_3,0.828,0.828,0.902,0.795,0.805,0.86,1.0,0.737,0.963,0.666,0.918,0.837,0.906,0.779,0.893,0.839
10,A2_1,0.91,0.85,0.927,0.716,0.902,0.883,0.737,1.0,0.832,0.952,0.891,0.963,0.909,0.952,0.898,0.872
10,A2_2,0.902,0.911,0.958,0.783,0.817,0.878,0.963,0.832,1.0,0.766,0.926,0.909,0.918,0.815,0.967,0.854
10,A2_3,0.885,0.762,0.876,0.699,0.797,0.832,0.666,0.952,0.766,1.0,0.859,0.902,0.843,0.944,0.818,0.798
10,B2_1,0.903,0.846,0.961,0.817,0.853,0.932,0.918,0.891,0.926,0.859,1.0,0.96,0.955,0.921,0.903,0.908
10,B2_2,0.928,0.886,0.971,0.764,0.87,0.917,0.837,0.963,0.909,0.902,0.96,1.0,0.946,0.926,0.94,0.89
10,B2_3,0.921,0.863,0.942,0.875,0.882,0.958,0.906,0.909,0.918,0.843,0.955,0.946,1.0,0.941,0.933,0.884
10,y1,0.872,0.778,0.893,0.779,0.895,0.9,0.779,0.952,0.815,0.944,0.921,0.926,0.941,1.0,0.849,0.846
10,y2,0.933,0.954,0.966,0.796,0.845,0.906,0.893,0.898,0.967,0.818,0.903,0.94,0.933,0.849,1.0,0.869
10,y3,0.914,0.908,0.94,0.836,0.879,0.942,0.839,0.872,0.854,0.798,0.908,0.89,0.884,0.846,0.869,1.0
11,.,1.0,0.923,0.965,0.889,0.787,0.958,0.825,0.908,0.899,0.883,0.899,0.926,0.919,0.869,0.931,0.913
11,A1_1,0.923,1.0,0.937,0.826,0.802,0.9,0.827,0.852,0.912,0.766,0.846,0.886,0.863,0.78,0.954,0.909
11,A1_2,0.965,0.937,1.0,0.824,0.868,0.948,0.902,0.926,0.958,0.876,0.961,0.971,0.943,0.894,0.965,0.94
11,A1_3,0.889,0.826,0.824,1.0,0.658,0.935,0.792,0.716,0.783,0.699,0.815,0.765,0.873,0.776,0.794,0.836
11,B1_1,0.787,0.802,0.868,0.658,1.0,0.824,0.807,0.903,0.819,0.798,0.856,0.873,0.882,0.897,0.845,0.88
11,B1_2,0.958,0.9,0.948,0.935,0.824,1.0,0.86,0.883,0.879,0.832,0.932,0.92,0.959,0.899,0.906,0.943
11,B1_3,0.825,0.827,0.902,0.792,0.807,0.86,1.0,0.736,0.964,0.666,0.92,0.84,0.907,0.78,0.893,0.839
11,A2_1,0.908,0.852,0.926,0.716,0.903,0.883,0.736,1.0,0.831,0.952,0.889,0.962,0.908,0.952,0.898,0.874
11,A2_2,0.899,0.912,0.958,0.783,0.819,0.879,0.964,0.831,1.0,0.765,0.927,0.91,0.919,0.816,0.967,0.855
11,A2_3,0.883,0.766,0.876,0.699,0.798,0.832,0.666,0.952,0.765,1.0,0.856,0.901,0.842,0.944,0.818,0.8
11,B2_1,0.899,0.846,0.961,0.815,0.856,0.932,0.92,0.889,0.927,0.856,1.0,0.96,0.956,0.921,0.904,0.909
11,B2_2,0.926,0.886,0.971,0.765,0.873,0.92,0.84,0.962,0.91,0.901,0.96,1.0,0.947,0.927,0.94,0.893
11,B2_3,0.919,0.863,0.943,0.873,0.882,0.959,0.907,0.908,0.919,0.842,0.956,0.947,1.0,0.941,0.933,0.886
11,y1,0.869,0.78,0.894,0.776,0.897,0.899,0.78,0.952,0.816,0.944,0.921,0.927,0.941,1.0,0.85,0.847
11,y2,0.931,0.954,0.965,0.794,0.845,0.906,0.893,0.898,0.967,0.818,0.904,0.94,0.933,0.85,1.0,0.87
11,y3,0.913,0.909,0.94,0.836,0.88,0.943,0.839,0.874,0.855,0.8,0.909,0.893,0.886,0.847,0.87,1.0
12,.,1.0,0.924,0.962,0.891,0.781,0.957,0.818,0.906,0.894,0.881,0.893,0.923,0.917,0.865,0.929,0.911
12,A1_1,0.924,1.0,0.937,0.825,0.801,0.901,0.825,0.853,0.911,0.768,0.845,0.886,0.862,0.781,0.954,0.91
12,A1_2,0.962,0.937,1.0,0.824,0.869,0.949,0.903,0.925,0.958,0.876,0.961,0.971,0.944,0.895,0.965,0.941
12,A1_3,0.891,0.825,0.824,1.0,0.653,0.934,0.787,0.714,0.782,0.699,0.811,0.765,0.871,0.772,0.791,0.835
12,B1_1,0.781,0.801,0.869,0.653,1.0,0.822,0.808,0.902,0.82,0.797,0.858,0.874,0.882,0.898,0.844,0.88
12,B1_2,0.957,0.901,0.949,0.934,0.822,1.0,0.859,0.882,0.88,0.831,0.932,0.921,0.959,0.897,0.906,0.943
12,B1_3,0.818,0.825,0.903,0.787,0.808,0.859,1.0,0.734,0.964,0.664,0.922,0.842,0.908,0.779,0.891,0.839
12,A2_1,0.906,0.853,0.925,0.714,0.902,0.882,0.734,1.0,0.829,0.951,0.886,0.961,0.907,0.952,0.898,0.875
12,A2_2,0.894,0.911,0.958,0.782,0.82,0.88,0.964,0.829,1.0,0.763,0.928,0.911,0.92,0.815,0.966,0.856
12,A2_3,0.881,0.768,0.876,0.699,0.797,0.831,0.664,0.951,0.763,1.0,0.853,0.899,0.84,0.944,0.818,0.8
12,B2_1,0.893,0.845,0.961,0.811,0.858,0.932,0.922,0.886,0.928,0.853,1.0,0.96,0.957,0.92,0.903,0.909
12,B2_2,0.923,0.886,0.971,0.765,0.874,0.921,0.842,0.961,0.911,0.899,0.96,1.0,0.949,0.928,0.94,0.894
12,B2_3,0.917,0.862,0.944,0.871,0.882,0.959,0.908,0.907,0.92,0.84,0.957,0.949,1.0,0.939,0.932,0.887
12,y1,0.865,0.781,0.895,0.772,0.898,0.897,0.779,0.952,0.815,0.944,0.92,0.928,0.939,1.0,0.85,0.848
12,y2,0.929,0.954,0.965,0.791,0.844,0.906,0.891,0.898,0.966,0.818,0.903,0.94,0.932,0.85,1.0,0.871
12,y3,0.911,0.91,0.941,0.835,0.88,0.943,0.839,0.875,0.856,0.8,0.909,0.894,0.887,0.848,0.871,1.0
13,.,1.0,0.923,0.958,0.892,0.773,0.956,0.809,0.902,0.889,0.877,0.885,0.919,0.912,0.859,0.925,0.908
13,A1_1,0.923,1.0,0.937,0.823,0.799,0.9,0.821,0.853,0.91,0.769,0.842,0.885,0.86,0.78,0.953,0.909
13,A1_2,0.958,0.937,1.0,0.822,0.869,0.949,0.902,0.924,0.958,0.874,0.96,0.97,0.944,0.895,0.965,0.941
13,A1_3,0.892,0.823,0.822,1.0,0.647,0.933,0.781,0.711,0.778,0.696,0.806,0.763,0.867,0.767,0.786,0.833
13,B1_1,0.773,0.799,0.869,0.647,1.0,0.82,0.808,0.901,0.819,0.795,0.859,0.874,0.881,0.898,0.843,0.879
13,B1_2,0.956,0.9,0.949,0.933,0.82,1.0,0.857,0.881,0.88,0.829,0.931,0.922,0.958,0.895,0.905,0.943
13,B1_3,0.809,0.821,0.902,0.781,0.808,0.857,1.0,0.729,0.964,0.659,0.923,0.842,0.908,0.776,0.889,0.837
13,A2_1,0.902,0.853,0.924,0.711,0.901,0.881,0.729,1.0,0.825,0.95,0.883,0.959,0.904,0.952,0.897,0.875
13,A2_2,0.889,0.91,0.958,0.778,0.819,0.88,0.964,0.825,1.0,0.759,0.928,0.911,0.92,0.813,0.965,0.856
13,A2_3,0.877,0.769,0.874,0.696,0.795,0.829,0.659,0.95,0.759,1.0,0.848,0.895,0.836,0.943,0.817,0.799
13,B2_1,0.885,0.842,0.96,0.806,0.859,0.931,0.923,0.883,0.928,0.848,1.0,0.959,0.957,0.918,0.901,0.908
13,B2_2,0.919,0.885,0.97,0.763,0.874,0.922,0.842,0.959,0.911,0.895,0.959,1.0,0.95,0.927,0.94,0.895
13,B2_3,0.912,0.86,0.944,0.867,0.881,0.958,0.908,0.904,0.92,0.836,0.957,0.95,1.0,0.937,0.93,0.887
13,y1,0.859,0.78,0.895,0.767,0.898,0.895,0.776,0.952,0.813,0.943,0.918,0.927,0.937,1.0,0.849,0.848
13,y2,0.925,0.953,0.965,0.786,0.843,0.905,0.889,0.897,0.965,0.817,0.901,0.94,0.93,0.849,1.0,0.871
13,y3,0.908,0.909,0.941,0.833,0.879,0.943,0.837,0.875,0.856,0.799,0.908,0.895,0.887,0.848,0.871,1.0
14,.,1.0,0.921,0.954,0.893,0.763,0.953,0.798,0.899,0.882,0.873,0.876,0.915,0.907,0.852,0.921,0.904
14,A1_1,0.921,1.0,0.936,0.82,0.796,0.898,0.816,0.853,0.908,0.769,0.838,0.883,0.857,0.779,0.952,0.909
14,A1_2,0.954,0.936,1.0,0.819,0.869,0.948,0.901,0.922,0.958,0.872,0.959,0.97,0.943,0.894,0.964,0.941
14,A1_3,0.893,0.82,0.819,1.0,0.639,0.931,0.773,0.707,0.774,0.693,0.799,0.76,0.863,0.76,0.781,0.831
14,B1_1,0.763,0.796,0.869,0.639,1.0,0.817,0.808,0.899,0.818,0.791,0.859,0.875,0.881,0.898,0.841,0.878
14,B1_2,0.953,0.898,0.948,0.931,0.817,1.0,0.854,0.88,0.879,0.826,0.929,0.923,0.958,0.892,0.903,0.943
14,B1_3,0.798,0.816,0.901,0.773,0.808,0.854,1.0,0.723,0.963,0.652,0.925,0.843,0.907,0.772,0.885,0.834
14,A2_1,0.899,0.853,0.922,0.707,0.899,0.88,0.723,1.0,0.822,0.949,0.878,0.957,0.901,0.951,0.896,0.875
14,A2_2,0.882,0.908,0.958,0.774,0.818,0.879,0.963,0.822,1.0,0.754,0.928,0.911,0.92,0.81,0.964,0.855
14,A2_3,0.873,0.769,0.872,0.693,0.791,0.826,0.652,0.949,0.754,1.0,0.841,0.891,0.832,0.942,0.815,0.798
14,B2_1,0.876,0.838,0.959,0.799,0.859,0.929,0.925,0.878,0.928,0.841,1.0,0.959,0.957,0.915,0.899,0.907
14,B2_2,0.915,0.883,0.97,0.76,0.875,0.923,0.843,0.957,0.911,0.891,0.959,1.0,0.951,0.927,0.94,0.895
14,B2_3,0.907,0.857,0.943,0.863,0.881,0.958,0.907,0.901,0.92,0.832,0.957,0.951,1.0,0.935,0.928,0.887
14,y1,0.852,0.779,0.894,0.76,0.898,0.892,0.772,0.951,0.81,0.942,0.915,0.927,0.935,1.0,0.847,0.847
14,y2,0.921,0.952,0.964,0.781,0.841,0.903,0.885,0.896,0.964,0.815,0.899,0.94,0.928,0.847,1.0,0.87
14,y3,0.904,0.909,0.941,0.831,0.878,0.943,0.834,0.875,0.855,0.798,0.907,0.895,0.887,0.847,0.87,1.0
15,.,1.0,0.919,0.948,0.893,0.752,0.951,0.784,0.895,0.874,0.869,0.864,0.909,0.9,0.845,0.916,0.9
15,A1_1,0.919,1.0,0.935,0.817,0.792,0.896,0.809,0.852,0.906,0.769,0.833,0.88,0.853,0.777,0.951,0.907
15,A1_2,0.948,0.935,1.0,0.816,0.868,0.948,0.899,0.92,0.957,0.87,0.958,0.969,0.943,0.893,0.963,0.94
15,A1_3,0.893,0.817,0.816,1.0,0.63,0.929,0.764,0.702,0.77,0.689,0.792,0.756,0.857,0.753,0.775,0.827
15,B1_1,0.752,0.792,0.868,0.63,1.0,0.814,0.807,0.896,0.817,0.786,0.86,0.874,0.88,0.897,0.838,0.877
15,B1_2,0.951,0.896,0.948,0.929,0.814,1.0,0.851,0.877,0.878,0.823,0.927,0.923,0.957,0.89,0.901,0.943
15,B1_3,0.784,0.809,0.899,0.764,0.807,0.851,1.0,0.716,0.962,0.643,0.926,0.842,0.906,0.767,0.88,0.83
15,A2_1,0.895,0.852,0.92,0.702,0.896,0.877,0.716,1.0,0.817,0.948,0.873,0.955,0.897,0.95,0.894,0.874
15,A2_2,0.874,0.906,0.957,0.77,0.817,0.878,0.962,0.817,1.0,0.748,0.928,0.911,0.919,0.806,0.962,0.853
15,A2_3,0.869,0.769,0.87,0.689,0.786,0.823,0.643,0.948,0.748,1.0,0.834,0.886,0.826,0.941,0.812,0.795
15,B2_1,0.864,0.833,0.958,0.792,0.86,0.927,0.926,0.873,0.928,0.834,1.0,0.958,0.957,0.912,0.896,0.905
15,B2_2,0.909,0.88,0.969,0.756,0.874,0.923,0.842,0.955,0.911,0.886,0.958,1.0,0.951,0.925,0.939,0.895
15,B2_3,0.9,0.853,0.943,0.857,0.88,0.957,0.906,0.897,0.919,0.826,0.957,0.951,1.0,0.933,0.925,0.886
15,y1,0.845,0.777,0.893,0.753,0.897,0.89,0.767,0.95,0.806,0.941,0.912,0.925,0.933,1.0,0.845,0.846
15,y2,0.916,0.951,0.963,0.775,0.838,0.901,0.88,0.894,0.962,0.812,0.896,0.939,0.925,0.845,1.0,0.869
15,y3,0.9,0.907,0.94,0.827,0.877,0.943,0.83,0.874,0.853,0.795,0.905,0.895,0.886,0.846,0.869,1.0
16,.,1.0,0.915,0.942,0.892,0.738,0.947,0.769,0.89,0.864,0.865,0.851,0.901,0.891,0.836,0.91,0.894
16,A1_1,0.915,1.0,0.933,0.813,0.786,0.893,0.801,0.851,0.904,0.768,0.827,0.877,0.848,0.774,0.95,0.905
16,A1_2,0.942,0.933,1.0,0.812,0.866,0.947,0.896,0.917,0.957,0.866,0.956,0.968,0.941,0.891,0.962,0.94
16,A1_3,0.892,0.813,0.812,1.0,0.619,0.926,0.753,0.696,0.763,0.684,0.783,0.751,0.851,0.745,0.767,0.823
16,B1_1,0.738,0.786,0.866,0.619,1.0,0.809,0.805,0.892,0.815,0.779,0.86,0.874,0.878,0.896,0.835,0.875
16,B1_2,0.947,0.893,0.947,0.926,0.809,1.0,0.846,0.875,0.876,0.818,0.924,0.923,0.955,0.886,0.899,0.942
16,B1_3,0.769,0.801,0.896,0.753,0.805,0.846,1.0,0.707,0.961,0.631,0.926,0.842,0.904,0.76,0.874,0.826
16,A2_1,0.89,0.851,0.917,0.696,0.892,0.875,0.707,1.0,0.812,0.946,0.866,0.952,0.893,0.949,0.892,0.873
16,A2_2,0.864,0.904,0.957,0.763,0.815,0.876,0.961,0.812,1.0,0.74,0.928,0.911,0.918,0.801,0.96,0.851
16,A2_3,0.865,0.768,0.866,0.684,0.779,0.818,0.631,0.946,0.74,1.0,0.825,0.88,0.818,0.939,0.809,0.792
16,B2_1,0.851,0.827,0.956,0.783,0.86,0.924,0.926,0.866,0.928,0.825,1.0,0.957,0.956,0.907,0.892,0.902
16,B2_2,0.901,0.877,0.968,0.751,0.874,0.923,0.842,0.952,0.911,0.88,0.957,1.0,0.952,0.924,0.937,0.895
16,B2_3,0.891,0.848,0.941,0.851,0.878,0.955,0.904,0.893,0.918,0.818,0.956,0.952,1.0,0.929,0.922,0.885
16,y1,0.836,0.774,0.891,0.745,0.896,0.886,0.76,0.949,0.801,0.939,0.907,0.924,0.929,1.0,0.842,0.844
16,y2,0.91,0.95,0.962,0.767,0.835,0.899,0.874,0.892,0.96,0.809,0.892,0.937,0.922,0.842,1.0,0.867
16,y3,0.894,0.905,0.94,0.823,0.875,0.942,0.826,0.873,0.851,0.792,0.902,0.895,0.885,0.844,0.867,1.0
17,.,1.0,0.911,0.934,0.891,0.721,0.942,0.75,0.884,0.853,0.858,0.836,0.892,0.88,0.824,0.902,0.887
17,A1_1,0.911,1.0,0.931,0.808,0.778,0.889,0.792,0.848,0.9,0.765,0.819,0.872,0.84,0.769,0.948,0.903
17,A1_2,0.934,0.931,1.0,0.807,0.863,0.946,0.893,0.914,0.956,0.861,0.954,0.966,0.939,0.887,0.961,0.938
17,A1_3,0.891,0.808,0.807,1.0,0.605,0.922,0.739,0.688,0.755,0.676,0.772,0.744,0.842,0.734,0.757,0.818
17,B1_1,0.721,0.778,0.863,0.605,1.0,0.805,0.803,0.886,0.811,0.769,0.859,0.872,0.876,0.894,0.83,0.872
17,B1_2,0.942,0.889,0.946,0.922,0.805,1.0,0.841,0.871,0.873,0.812,0.922,0.923,0.954,0.882,0.895,0.941
17,B1_3,0.75,0.792,0.893,0.739,0.803,0.841,1.0,0.696,0.96,0.617,0.927,0.84,0.903,0.752,0.868,0.82
17,A2_1,0.884,0.848,0.914,0.688,0.886,0.871,0.696,1.0,0.804,0.944,0.858,0.948,0.887,0.947,0.89,0.871
17,A2_2,0.853,0.9,0.956,0.755,0.811,0.873,0.96,0.804,1.0,0.73,0.927,0.91,0.915,0.794,0.958,0.848
17,A2_3,0.858,0.765,0.861,0.676,0.769,0.812,0.617,0.944,0.73,1.0,0.814,0.873,0.808,0.936,0.804,0.787
17,B2_1,0.836,0.819,0.954,0.772,0.859,0.922,0.927,0.858,0.927,0.814,1.0,0.956,0.955,0.903,0.888,0.899
17,B2_2,0.892,0.872,0.966,0.744,0.872,0.923,0.84,0.948,0.91,0.873,0.956,1.0,0.952,0.921,0.936,0.893
17,B2_3,0.88,0.84,0.939,0.842,0.876,0.954,0.903,0.887,0.915,0.808,0.955,0.952,1.0,0.925,0.917,0.882
17,y1,0.824,0.769,0.887,0.734,0.894,0.882,0.752,0.947,0.794,0.936,0.903,0.921,0.925,1.0,0.838,0.841
17,y2,0.902,0.948,0.961,0.757,0.83,0.895,0.868,0.89,0.958,0.804,0.888,0.936,0.917,0.838,1.0,0.865
17,y3,0.887,0.903,0.938,0.818,0.872,0.941,0.82,0.871,0.848,0.787,0.899,0.893,0.882,0.841,0.865,1.0
18,.,1.0,0.906,0.925,0.89,0.701,0.936,0.728,0.877,0.84,0.852,0.817,0.881,0.867,0.812,0.893,0.879
18,A1_1,0.906,1.0,0.929,0.803,0.77,0.885,0.78,0.846,0.895,0.762,0.811,0.866,0.832,0.764,0.946,0.899
18,A1_2,0.925,0.929,1.0,0.801,0.859,0.945,0.889,0.91,0.955,0.856,0.952,0.965,0.937,0.884,0.959,0.937
18,A1_3,0.89,0.803,0.801,1.0,0.589,0.917,0.724,0.679,0.745,0.669,0.76,0.736,0.833,0.723,0.746,0.812
18,B1_1,0.701,0.77,0.859,0.589,1.0,0.799,0.801,0.88,0.808,0.758,0.858,0.87,0.874,0.89,0.825,0.868
18,B1_2,0.936,0.885,0.945,0.917,0.799,1.0,0.835,0.867,0.87,0.805,0.919,0.923,0.952,0.877,0.891,0.94
18,B1_3,0.728,0.78,0.889,0.724,0.801,0.835,1.0,0.682,0.958,0.601,0.927,0.839,0.901,0.741,0.86,0.813
18,A2_1,0.877,0.846,0.91,0.679,0.88,0.867,0.682,1.0,0.796,0.941,0.848,0.944,0.879,0.945,0.887,0.868
18,A2_2,0.84,0.895,0.955,0.745,0.808,0.87,0.958,0.796,1.0,0.72,0.926,0.908,0.913,0.786,0.955,0.845
18,A2_3,0.852,0.762,0.856,0.669,0.758,0.805,0.601,0.941,0.72,1.0,0.801,0.864,0.797,0.933,0.799,0.781
18,B2_1,0.817,0.811,0.952,0.76,0.858,0.919,0.927,0.848,0.926,0.801,1.0,0.954,0.954,0.896,0.882,0.895
18,B2_2,0.881,0.866,0.965,0.736,0.87,0.923,0.839,0.944,0.908,0.864,0.954,1.0,0.952,0.918,0.933,0.892
18,B2_3,0.867,0.832,0.937,0.833,0.874,0.952,0.901,0.879,0.913,0.797,0.954,0.952,1.0,0.92,0.912,0.879
18,y1,0.812,0.764,0.884,0.723,0.89,0.877,0.741,0.945,0.786,0.933,0.896,0.918,0.92,1.0,0.833,0.837
18,y2,0.893,0.946,0.959,0.746,0.825,0.891,0.86,0.887,0.955,0.799,0.882,0.933,0.912,0.833,1.0,0.862
18,y3,0.879,0.899,0.937,0.812,0.868,0.94,0.813,0.868,0.845,0.781,0.895,0.892,0.879,0.837,0.862,1.0
19,.,1.0,0.9,0.914,0.888,0.677,0.928,0.702,0.87,0.824,0.845,0.795,0.867,0.851,0.798,0.883,0.869
19,A1_1,0.9,1.0,0.926,0.797,0.76,0.88,0.767,0.843,0.891,0.759,0.8,0.86,0.823,0.758,0.944,0.895
19,A1_2,0.914,0.926,1.0,0.794,0.855,0.944,0.885,0.905,0.954,0.85,0.949,0.963,0.934,0.88,0.958,0.935
19,A1_3,0.888,0.797,0.794,1.0,0.572,0.912,0.707,0.671,0.735,0.662,0.746,0.728,0.822,0.711,0.735,0.805
19,B1_1,0.677,0.76,0.855,0.572,1.0,0.792,0.799,0.871,0.804,0.745,0.857,0.869,0.871,0.886,0.818,0.864
19,B1_2,0.928,0.88,0.944,0.912,0.792,1.0,0.828,0.863,0.867,0.798,0.915,0.922,0.949,0.872,0.887,0.939
19,B1_3,0.702,0.767,0.885,0.707,0.799,0.828,1.0,0.667,0.956,0.582,0.928,0.837,0.898,0.73,0.851,0.806
19,A2_1,0.87,0.843,0.905,0.671,0.871,0.863,0.667,1.0,0.787,0.939,0.837,0.938,0.871,0.943,0.883,0.865
19,A2_2,0.824,0.891,0.954,0.735,0.804,0.867,0.956,0.787,1.0,0.708,0.924,0.907,0.911,0.778,0.952,0.841
19,A2_3,0.845,0.759,0.85,0.662,0.745,0.798,0.582,0.939,0.708,1.0,0.786,0.854,0.784,0.93,0.793,0.775
19,B2_1,0.795,0.8,0.949,0.746,0.857,0.915,0.928,0.837,0.924,0.786,1.0,0.953,0.953,0.889,0.876,0.891
19,B2_2,0.867,0.86,0.963,0.728,0.869,0.922,0.837,0.938,0.907,0.854,0.953,1.0,0.952,0.914,0.931,0.89
19,B2_3,0.851,0.823,0.934,0.822,0.871,0.949,0.898,0.871,0.911,0.784,0.953,0.952,1.0,0.914,0.906,0.876
19,y1,0.798,0.758,0.88,0.711,0.886,0.872,0.73,0.943,0.778,0.93,0.889,0.914,0.914,1.0,0.828,0.833
19,y2,0.883,0.944,0.958,0.735,0.818,0.887,0.851,0.883,0.952,0.793,0.876,0.931,0.906,0.828,1.0,0.859
19,y3,0.869,0.895,0.935,0.805,0.864,0.939,0.806,0.865,0.841,0.775,0.891,0.89,0.876,0.833,0.859,1.0
20,.,1.0,0.893,0.902,0.885,0.65,0.918,0.673,0.862,0.806,0.837,0.77,0.851,0.832,0.783,0.871,0.857
20,A1_1,0.893,1.0,0.923,0.79,0.747,0.873,0.752,0.839,0.885,0.755,0.788,0.851,0.812,0.751,0.942,0.891
20,A1_2,0.902,0.923,1.0,0.786,0.85,0.942,0.879,0.9,0.953,0.843,0.945,0.961,0.93,0.876,0.956,0.933
20,A1_3,0.885,0.79,0.786,1.0,0.552,0.906,0.687,0.659,0.722,0.653,0.729,0.716,0.808,0.696,0.721,0.797
20,B1_1,0.65,0.747,0.85,0.552,1.0,0.786,0.796,0.862,0.799,0.729,0.855,0.866,0.869,0.881,0.81,0.859
20,B1_2,0.918,0.873,0.942,0.906,0.786,1.0,0.821,0.857,0.862,0.788,0.91,0.921,0.947,0.866,0.881,0.938
20,B1_3,0.673,0.752,0.879,0.687,0.796,0.821,1.0,0.649,0.953,0.56,0.928,0.834,0.896,0.716,0.84,0.797
20,A2_1,0.862,0.839,0.9,0.659,0.862,0.857,0.649,1.0,0.776,0.936,0.824,0.932,0.861,0.94,0.88,0.862
20,A2_2,0.806,0.885,0.953,0.722,0.799,0.862,0.953,0.776,1.0,0.694,0.922,0.906,0.907,0.767,0.948,0.836
20,A2_3,0.837,0.755,0.843,0.653,0.729,0.788,0.56,0.936,0.694,1.0,0.768,0.842,0.768,0.926,0.786,0.767
20,B2_1,0.77,0.788,0.945,0.729,0.855,0.91,0.928,0.824,0.922,0.768,1.0,0.952,0.952,0.88,0.868,0.885
20,B2_2,0.851,0.851,0.961,0.716,0.866,0.921,0.834,0.932,0.906,0.842,0.952,1.0,0.952,0.91,0.927,0.887
20,B2_3,0.832,0.812,0.93,0.808,0.869,0.947,0.896,0.861,0.907,0.768,0.952,0.952,1.0,0.907,0.898,0.872
20,y1,0.783,0.751,0.876,0.696,0.881,0.866,0.716,0.94,0.767,0.926,0.88,0.91,0.907,1.0,0.821,0.828
20,y2,0.871,0.942,0.956,0.721,0.81,0.881,0.84,0.88,0.948,0.786,0.868,0.927,0.898,0.821,1.0,0.855
20,y3,0.857,0.891,0.933,0.797,0.859,0.938,0.797,0.862,0.836,0.767,0.885,0.887,0.872,0.828,0.855,1.0
21,.,1.0,0.884,0.886,0.882,0.618,0.906,0.638,0.852,0.784,0.827,0.74,0.831,0.808,0.763,0.856,0.843
21,A1_1,0.884,1.0,0.919,0.782,0.732,0.865,0.734,0.834,0.877,0.749,0.774,0.841,0.797,0.742,0.939,0.885
21,A1_2,0.886,0.919,1.0,0.776,0.844,0.94,0.873,0.893,0.951,0.834,0.941,0.959,0.926,0.87,0.953,0.93
21,A1_3,0.882,0.782,0.776,1.0,0.527,0.898,0.663,0.647,0.707,0.642,0.709,0.702,0.792,0.68,0.704,0.787
21,B1_1,0.618,0.732,0.844,0.527,1.0,0.777,0.793,0.849,0.793,0.71,0.854,0.863,0.865,0.874,0.8,0.852
21,B1_2,0.906,0.865,0.94,0.898,0.777,1.0,0.812,0.85,0.857,0.776,0.906,0.92,0.943,0.858,0.874,0.936
21,B1_3,0.638,0.734,0.873,0.663,0.793,0.812,1.0,0.628,0.95,0.534,0.928,0.832,0.893,0.7,0.827,0.787
21,A2_1,0.852,0.834,0.893,0.647,0.849,0.85,0.628,1.0,0.763,0.933,0.808,0.923,0.848,0.937,0.875,0.857
21,A2_2,0.784,0.877,0.951,0.707,0.793,0.857,0.95,0.763,1.0,0.676,0.92,0.903,0.903,0.754,0.943,0.83
21,A2_3,0.827,0.749,0.834,0.642,0.71,0.776,0.534,0.933,0.676,1.0,0.747,0.826,0.748,0.922,0.777,0.757
21,B2_1,0.74,0.774,0.941,0.709,0.854,0.906,0.928,0.808,0.92,0.747,1.0,0.95,0.95,0.87,0.859,0.879
21,B2_2,0.831,0.841,0.959,0.702,0.863,0.92,0.832,0.923,0.903,0.826,0.95,1.0,0.952,0.903,0.922,0.883
21,B2_3,0.808,0.797,0.926,0.792,0.865,0.943,0.893,0.848,0.903,0.748,0.95,0.952,1.0,0.898,0.888,0.865
21,y1,0.763,0.742,0.87,0.68,0.874,0.858,0.7,0.937,0.754,0.922,0.87,0.903,0.898,1.0,0.813,0.822
21,y2,0.856,0.939,0.953,0.704,0.8,0.874,0.827,0.875,0.943,0.777,0.859,0.922,0.888,0.813,1.0,0.85
21,y3,0.843,0.885,0.93,0.787,0.852,0.936,0.787,0.857,0.83,0.757,0.879,0.883,0.865,0.822,0.85,1.0
22,.,1.0,0.873,0.869,0.878,0.58,0.89,0.599,0.84,0.759,0.817,0.706,0.807,0.778,0.741,0.839,0.827
22,A1_1,0.873,1.0,0.914,0.772,0.715,0.855,0.714,0.829,0.868,0.743,0.757,0.829,0.779,0.732,0.935,0.878
22,A1_2,0.869,0.914,1.0,0.765,0.837,0.937,0.866,0.886,0.949,0.824,0.937,0.956,0.92,0.863,0.95,0.927
22,A1_3,0.878,0.772,0.765,1.0,0.499,0.888,0.637,0.631,0.689,0.629,0.687,0.685,0.771,0.66,0.685,0.776
22,B1_1,0.58,0.715,0.837,0.499,1.0,0.77,0.791,0.835,0.786,0.687,0.852,0.86,0.862,0.867,0.79,0.845
22,B1_2,0.89,0.855,0.937,0.888,0.77,1.0,0.805,0.841,0.852,0.762,0.902,0.919,0.94,0.85,0.866,0.934
22,B1_3,0.599,0.714,0.866,0.637,0.791,0.805,1.0,0.605,0.947,0.505,0.928,0.83,0.892,0.683,0.814,0.776
22,A2_1,0.84,0.829,0.886,0.631,0.835,0.841,0.605,1.0,0.748,0.929,0.79,0.913,0.832,0.933,0.869,0.851
22,A2_2,0.759,0.868,0.949,0.689,0.786,0.852,0.947,0.748,1.0,0.657,0.918,0.901,0.898,0.741,0.938,0.823
22,A2_3,0.817,0.743,0.824,0.629,0.687,0.762,0.505,0.929,0.657,1.0,0.724,0.809,0.724,0.916,0.767,0.745
22,B2_1,0.706,0.757,0.937,0.687,0.852,0.902,0.928,0.79,0.918,0.724,1.0,0.949,0.949,0.858,0.849,0.872
22,B2_2,0.807,0.829,0.956,0.685,0.86,0.919,0.83,0.913,0.901,0.809,0.949,1.0,0.951,0.897,0.917,0.879
22,B2_3,0.778,0.779,0.92,0.771,0.862,0.94,0.892,0.832,0.898,0.724,0.949,0.951,1.0,0.888,0.877,0.858
22,y1,0.741,0.732,0.863,0.66,0.867,0.85,0.683,0.933,0.741,0.916,0.858,0.897,0.888,1.0,0.804,0.815
22,y2,0.839,0.935,0.95,0.685,0.79,0.866,0.814,0.869,0.938,0.767,0.849,0.917,0.877,0.804,1.0,0.845
22,y3,0.827,0.878,0.927,0.776,0.845,0.934,0.776,0.851,0.823,0.745,0.872,0.879,0.858,0.815,0.845,1.0
23,.,1.0,0.86,0.848,0.873,0.535,0.87,0.552,0.827,0.728,0.804,0.664,0.777,0.743,0.714,0.819,0.807
23,A1_1,0.86,1.0,0.908,0.761,0.694,0.843,0.69,0.822,0.858,0.735,0.737,0.813,0.758,0.72,0.931,0.87
23,A1_2,0.848,0.908,1.0,0.752,0.828,0.934,0.858,0.877,0.947,0.811,0.931,0.952,0.914,0.855,0.947,0.923
23,A1_3,0.873,0.761,0.752,1.0,0.466,0.876,0.605,0.615,0.667,0.615,0.66,0.664,0.747,0.638,0.662,0.762
23,B1_1,0.535,0.694,0.828,0.466,1.0,0.76,0.787,0.816,0.778,0.659,0.85,0.856,0.858,0.856,0.775,0.836
23,B1_2,0.87,0.843,0.934,0.876,0.76,1.0,0.796,0.83,0.845,0.744,0.897,0.917,0.935,0.839,0.856,0.931
23,B1_3,0.552,0.69,0.858,0.605,0.787,0.796,1.0,0.576,0.943,0.47,0.929,0.827,0.889,0.66,0.796,0.763
23,A2_1,0.827,0.822,0.877,0.615,0.816,0.83,0.576,1.0,0.73,0.925,0.768,0.9,0.813,0.928,0.862,0.844
23,A2_2,0.728,0.858,0.947,0.667,0.778,0.845,0.943,0.73,1.0,0.634,0.915,0.898,0.892,0.722,0.931,0.815
23,A2_3,0.804,0.735,0.811,0.615,0.659,0.744,0.47,0.925,0.634,1.0,0.695,0.786,0.695,0.91,0.755,0.731
23,B2_1,0.664,0.737,0.931,0.66,0.85,0.897,0.929,0.768,0.915,0.695,1.0,0.947,0.948,0.844,0.836,0.863
23,B2_2,0.777,0.813,0.952,0.664,0.856,0.917,0.827,0.9,0.898,0.786,0.947,1.0,0.951,0.887,0.909,0.873
23,B2_3,0.743,0.758,0.914,0.747,0.858,0.935,0.889,0.813,0.892,0.695,0.948,0.951,1.0,0.874,0.861,0.85
23,y1,0.714,0.72,0.855,0.638,0.856,0.839,0.66,0.928,0.722,0.91,0.844,0.887,0.874,1.0,0.793,0.806
23,y2,0.819,0.931,0.947,0.662,0.775,0.856,0.796,0.862,0.931,0.755,0.836,0.909,0.861,0.793,1.0,0.838
23,y3,0.807,0.87,0.923,0.762,0.836,0.931,0.763,0.844,0.815,0.731,0.863,0.873,0.85,0.806,0.838,1.0
24,.,1.0,0.846,0.822,0.867,0.483,0.846,0.498,0.812,0.693,0.791,0.615,0.741,0.699,0.686,0.796,0.785
24,A1_1,0.846,1.0,0.902,0.749,0.67,0.828,0.662,0.815,0.846,0.727,0.714,0.794,0.733,0.708,0.927,0.861
24,A1_2,0.822,0.902,1.0,0.736,0.818,0.931,0.848,0.866,0.945,0.796,0.924,0.947,0.906,0.846,0.942,0.918
24,A1_3,0.867,0.749,0.736,1.0,0.428,0.861,0.569,0.595,0.642,0.6,0.628,0.638,0.716,0.612,0.636,0.747
24,B1_1,0.483,0.67,0.818,0.428,1.0,0.75,0.783,0.795,0.769,0.627,0.847,0.852,0.855,0.843,0.758,0.825
24,B1_2,0.846,0.828,0.931,0.861,0.75,1.0,0.785,0.816,0.837,0.723,0.891,0.914,0.929,0.827,0.843,0.929
24,B1_3,0.498,0.662,0.848,0.569,0.783,0.785,1.0,0.542,0.938,0.429,0.929,0.824,0.887,0.633,0.774,0.747
24,A2_1,0.812,0.815,0.866,0.595,0.795,0.816,0.542,1.0,0.709,0.921,0.742,0.883,0.788,0.923,0.855,0.836
24,A2_2,0.693,0.846,0.945,0.642,0.769,0.837,0.938,0.709,1.0,0.607,0.911,0.894,0.884,0.701,0.921,0.806
24,A2_3,0.791,0.727,0.796,0.6,0.627,0.723,0.429,0.921,0.607,1.0,0.661,0.759,0.659,0.903,0.743,0.716
24,B2_1,0.615,0.714,0.924,0.628,0.847,0.891,0.929,0.742,0.911,0.661,1.0,0.945,0.947,0.825,0.818,0.851
24,B2_2,0.741,0.794,0.947,0.638,0.852,0.914,0.824,0.883,0.894,0.759,0.945,1.0,0.95,0.875,0.898,0.866
24,B2_3,0.699,0.733,0.906,0.716,0.855,0.929,0.887,0.788,0.884,0.659,0.947,0.95,1.0,0.856,0.841,0.839
24,y1,0.686,0.708,0.846,0.612,0.843,0.827,0.633,0.923,0.701,0.903,0.825,0.875,0.856,1.0,0.78,0.797
24,y2,0.796,0.927,0.942,0.636,0.758,0.843,0.774,0.855,0.921,0.743,0.818,0.898,0.841,0.78,1.0,0.831
24,y3,0.785,0.861,0.918,0.747,0.825,0.929,0.747,0.836,0.806,0.716,0.851,0.866,0.839,0.797,0.831,1.0
25,.,1.0,0.83,0.793,0.861,0.424,0.816,0.437,0.797,0.653,0.779,0.559,0.697,0.647,0.656,0.773,0.759
25,A1_1,0.83,1.0,0.895,0.737,0.642,0.811,0.631,0.808,0.833,0.72,0.687,0.773,0.703,0.695,0.924,0.852
25,A1_2,0.793,0.895,1.0,0.719,0.807,0.927,0.837,0.854,0.943,0.78,0.916,0.942,0.896,0.835,0.936,0.913
25,A1_3,0.861,0.737,0.719,1.0,0.386,0.843,0.528,0.576,0.615,0.587,0.592,0.609,0.681,0.586,0.61,0.731
25,B1_1,0.424,0.642,0.807,0.386,1.0,0.74,0.78,0.768,0.759,0.59,0.845,0.849,0.851,0.827,0.736,0.813
25,B1_2,0.816,0.811,0.927,0.843,0.74,1.0,0.775,0.8,0.829,0.699,0.885,0.911,0.923,0.813,0.829,0.926
25,B1_3,0.437,0.631,0.837,0.528,0.78,0.775,1.0,0.503,0.932,0.384,0.929,0.822,0.886,0.602,0.746,0.729
25,A2_1,0.797,0.808,0.854,0.576,0.768,0.8,0.503,1.0,0.685,0.917,0.711,0.863,0.758,0.918,0.847,0.826
25,A2_2,0.653,0.833,0.943,0.615,0.759,0.829,0.932,0.685,1.0,0.579,0.906,0.891,0.876,0.677,0.91,0.796
25,A2_3,0.779,0.72,0.78,0.587,0.59,0.699,0.384,0.917,0.579,1.0,0.622,0.728,0.619,0.897,0.732,0.699
25,B2_1,0.559,0.687,0.916,0.592,0.845,0.885,0.929,0.711,0.906,0.622,1.0,0.944,0.946,0.803,0.796,0.839
25,B2_2,0.697,0.773,0.942,0.609,0.849,0.911,0.822,0.863,0.891,0.728,0.944,1.0,0.95,0.86,0.884,0.857
25,B2_3,0.647,0.703,0.896,0.681,0.851,0.923,0.886,0.758,0.876,0.619,0.946,0.95,1.0,0.835,0.816,0.826
25,y1,0.656,0.695,0.835,0.586,0.827,0.813,0.602,0.918,0.677,0.897,0.803,0.86,0.835,1.0,0.766,0.787
25,y2,0.773,0.924,0.936,0.61,0.736,0.829,0.746,0.847,0.91,0.732,0.796,0.884,0.816,0.766,1.0,0.822
25,y3,0.759,0.852,0.913,0.731,0.813,0.926,0.729,0.826,0.796,0.699,0.839,0.857,0.826,0.787,0.822,1.0
26,.,1.0,0.812,0.76,0.855,0.359,0.779,0.369,0.781,0.608,0.766,0.495,0.646,0.585,0.624,0.747,0.731
