,,.,A1_1,A1_2,A1_3,B1_1,B1_2,B1_3,A2_1,A2_2,A2_3,B2_1,B2_2,B2_3,y1,y2,y3
0,.,1.0,-0.46,0.539,0.38,0.426,0.395,0.179,-0.258,-0.193,-0.029,-0.298,0.013,-0.347,0.372,-0.186,0.666
0,A1_1,-0.46,1.0,-0.238,-0.341,-0.452,-0.115,-0.309,0.279,0.062,0.044,0.505,-0.308,-0.401,-0.427,0.331,-0.397
0,A1_2,0.539,-0.238,1.0,-0.167,0.277,0.076,0.351,-0.347,-0.365,0.373,-0.289,0.184,-0.324,-0.097,0.05,0.566
0,A1_3,0.38,-0.341,-0.167,1.0,0.546,0.15,-0.059,0.091,0.349,-0.285,-0.074,0.019,0.162,0.308,-0.302,0.205
0,B1_1,0.426,-0.452,0.277,0.546,1.0,0.263,-0.097,-0.335,0.05,0.136,0.131,-0.25,0.149,0.048,-0.295,0.234
0,B1_2,0.395,-0.115,0.076,0.15,0.263,1.0,-0.393,0.009,0.121,0.464,-0.111,0.048,-0.346,-0.059,-0.851,0.065
0,B1_3,0.179,-0.309,0.351,-0.059,-0.097,-0.393,1.0,-0.495,-0.146,0.096,-0.171,0.133,-0.171,-0.051,0.441,0.369
0,A2_1,-0.258,0.279,-0.347,0.091,-0.335,0.009,-0.495,1.0,0.048,-0.12,-0.436,0.369,0.23,-0.268,-0.23,-0.421
0,A2_2,-0.193,0.062,-0.365,0.349,0.05,0.121,-0.146,0.048,1.0,0.258,0.389,-0.228,-0.048,0.2,-0.212,0.132
0,A2_3,-0.029,0.044,0.373,-0.285,0.136,0.464,0.096,-0.12,0.258,1.0,-0.03,0.102,-0.315,-0.61,-0.404,-0.052
0,B2_1,-0.298,0.505,-0.289,-0.074,0.131,-0.111,-0.171,-0.436,0.389,-0.03,1.0,-0.699,-0.174,0.103,0.364,-0.052
0,B2_2,0.013,-0.308,0.184,0.019,-0.25,0.048,0.133,0.369,-0.228,0.102,-0.699,1.0,0.456,-0.151,-0.214,-0.218
0,B2_3,-0.347,-0.401,-0.324,0.162,0.149,-0.346,-0.171,0.23,-0.048,-0.315,-0.174,0.456,1.0,0.124,0.021,-0.444
0,y1,0.372,-0.427,-0.097,0.308,0.048,-0.059,-0.051,-0.268,0.2,-0.61,0.103,-0.151,0.124,1.0,0.073,0.575
0,y2,-0.186,0.331,0.05,-0.302,-0.295,-0.851,0.441,-0.23,-0.212,-0.404,0.364,-0.214,0.021,0.073,1.0,0.058
0,y3,0.666,-0.397,0.566,0.205,0.234,0.065,0.369,-0.421,0.132,-0.052,-0.052,-0.218,-0.444,0.575,0.058,1.0
1,.,1.0,-0.459,0.541,0.382,0.428,0.397,0.182,-0.257,-0.192,-0.026,-0.297,0.014,-0.348,0.369,-0.187,0.665
1,A1_1,-0.459,1.0,-0.239,-0.342,-0.453,-0.115,-0.31,0.277,0.061,0.044,0.504,-0.309,-0.402,-0.426,0.33,-0.395
1,A1_2,0.541,-0.239,1.0,-0.165,0.278,0.078,0.352,-0.346,-0.363,0.373,-0.289,0.184,-0.324,-0.097,0.048,0.567
1,A1_3,0.382,-0.342,-0.165,1.0,0.547,0.15,-0.058,0.092,0.349,-0.284,-0.074,0.019,0.161,0.308,-0.302,0.206
1,B1_1,0.428,-0.453,0.278,0.547,1.0,0.264,-0.097,-0.335,0.051,0.136,0.132,-0.249,0.15,0.05,-0.295,0.234
1,B1_2,0.397,-0.115,0.078,0.15,0.264,1.0,-0.394,0.01,0.122,0.464,-0.11,0.048,-0.346,-0.059,-0.851,0.065
1,B1_3,0.182,-0.31,0.352,-0.058,-0.097,-0.394,1.0,-0.497,-0.146,0.094,-0.172,0.132,-0.171,-0.049,0.441,0.37
1,A2_1,-0.257,0.277,-0.346,0.092,-0.335,0.01,-0.497,1.0,0.048,-0.119,-0.438,0.368,0.228,-0.266,-0.23,-0.418
1,A2_2,-0.192,0.061,-0.363,0.349,0.051,0.122,-0.146,0.048,1.0,0.258,0.388,-0.228,-0.049,0.201,-0.213,0.134
1,A2_3,-0.026,0.044,0.373,-0.284,0.136,0.464,0.094,-0.119,0.258,1.0,-0.032,0.101,-0.316,-0.61,-0.405,-0.052
1,B2_1,-0.297,0.504,-0.289,-0.074,0.132,-0.11,-0.172,-0.438,0.388,-0.032,1.0,-0.698,-0.174,0.104,0.363,-0.052
1,B2_2,0.014,-0.309,0.184,0.019,-0.249,0.048,0.132,0.368,-0.228,0.101,-0.698,1.0,0.457,-0.149,-0.214,-0.217
1,B2_3,-0.348,-0.402,-0.324,0.161,0.15,-0.346,-0.171,0.228,-0.049,-0.316,-0.174,0.457,1.0,0.126,0.021,-0.442
1,y1,0.369,-0.426,-0.097,0.308,0.05,-0.059,-0.049,-0.266,0.201,-0.61,0.104,-0.149,0.126,1.0,0.074,0.575
1,y2,-0.187,0.33,0.048,-0.302,-0.295,-0.851,0.441,-0.23,-0.213,-0.405,0.363,-0.214,0.021,0.074,1.0,0.06
1,y3,0.665,-0.395,0.567,0.206,0.234,0.065,0.37,-0.418,0.134,-0.052,-0.052,-0.217,-0.442,0.575,0.06,1.0
2,.,1.0,-0.458,0.542,0.383,0.43,0.399,0.185,-0.255,-0.191,-0.024,-0.297,0.016,-0.347,0.366,-0.188,0.664
2,A1_1,-0.458,1.0,-0.24,-0.342,-0.453,-0.115,-0.312,0.276,0.061,0.043,0.504,-0.31,-0.404,-0.425,0.33,-0.394
2,A1_2,0.542,-0.24,1.0,-0.163,0.28,0.079,0.353,-0.345,-0.362,0.373,-0.289,0.185,-0.323,-0.097,0.047,0.568
2,A1_3,0.383,-0.342,-0.163,1.0,0.548,0.151,-0.058,0.093,0.35,-0.283,-0.075,0.019,0.16,0.308,-0.303,0.207
2,B1_1,0.43,-0.453,0.28,0.548,1.0,0.266,-0.097,-0.335,0.052,0.135,0.133,-0.248,0.151,0.053,-0.295,0.234
2,B1_2,0.399,-0.115,0.079,0.151,0.266,1.0,-0.394,0.01,0.123,0.464,-0.108,0.047,-0.345,-0.059,-0.852,0.064
2,B1_3,0.185,-0.312,0.353,-0.058,-0.097,-0.394,1.0,-0.498,-0.146,0.093,-0.172,0.132,-0.171,-0.047,0.441,0.372
2,A2_1,-0.255,0.276,-0.345,0.093,-0.335,0.01,-0.498,1.0,0.048,-0.119,-0.439,0.367,0.227,-0.264,-0.229,-0.415
2,A2_2,-0.191,0.061,-0.362,0.35,0.052,0.123,-0.146,0.048,1.0,0.259,0.387,-0.229,-0.05,0.202,-0.213,0.136
2,A2_3,-0.024,0.043,0.373,-0.283,0.135,0.464,0.093,-0.119,0.259,1.0,-0.033,0.1,-0.317,-0.609,-0.406,-0.051
2,B2_1,-0.297,0.504,-0.289,-0.075,0.133,-0.108,-0.172,-0.439,0.387,-0.033,1.0,-0.698,-0.173,0.106,0.362,-0.052
2,B2_2,0.016,-0.31,0.185,0.019,-0.248,0.047,0.132,0.367,-0.229,0.1,-0.698,1.0,0.457,-0.148,-0.214,-0.215
2,B2_3,-0.347,-0.404,-0.323,0.16,0.151,-0.345,-0.171,0.227,-0.05,-0.317,-0.173,0.457,1.0,0.128,0.022,-0.44
2,y1,0.366,-0.425,-0.097,0.308,0.053,-0.059,-0.047,-0.264,0.202,-0.609,0.106,-0.148,0.128,1.0,0.076,0.576
2,y2,-0.188,0.33,0.047,-0.303,-0.295,-0.852,0.441,-0.229,-0.213,-0.406,0.362,-0.214,0.022,0.076,1.0,0.061
2,y3,0.664,-0.394,0.568,0.207,0.234,0.064,0.372,-0.415,0.136,-0.051,-0.052,-0.215,-0.44,0.576,0.061,1.0
3,.,1.0,-0.456,0.543,0.385,0.432,0.401,0.189,-0.252,-0.191,-0.021,-0.297,0.017,-0.348,0.363,-0.19,0.663
3,A1_1,-0.456,1.0,-0.24,-0.342,-0.453,-0.115,-0.313,0.275,0.06,0.042,0.503,-0.312,-0.405,-0.425,0.329,-0.393
3,A1_2,0.543,-0.24,1.0,-0.161,0.281,0.08,0.353,-0.344,-0.361,0.373,-0.289,0.185,-0.322,-0.097,0.046,0.569
3,A1_3,0.385,-0.342,-0.161,1.0,0.548,0.152,-0.057,0.093,0.35,-0.281,-0.075,0.018,0.159,0.308,-0.303,0.209
3,B1_1,0.432,-0.453,0.281,0.548,1.0,0.267,-0.098,-0.335,0.052,0.135,0.135,-0.247,0.152,0.055,-0.295,0.235
3,B1_2,0.401,-0.115,0.08,0.152,0.267,1.0,-0.394,0.01,0.123,0.464,-0.106,0.047,-0.344,-0.059,-0.852,0.062
3,B1_3,0.189,-0.313,0.353,-0.057,-0.098,-0.394,1.0,-0.499,-0.147,0.092,-0.173,0.132,-0.17,-0.045,0.44,0.373
3,A2_1,-0.252,0.275,-0.344,0.093,-0.335,0.01,-0.499,1.0,0.048,-0.118,-0.441,0.366,0.225,-0.261,-0.229,-0.411
3,A2_2,-0.191,0.06,-0.361,0.35,0.052,0.123,-0.147,0.048,1.0,0.259,0.386,-0.229,-0.05,0.203,-0.213,0.138
3,A2_3,-0.021,0.042,0.373,-0.281,0.135,0.464,0.092,-0.118,0.259,1.0,-0.034,0.1,-0.318,-0.61,-0.408,-0.051
3,B2_1,-0.297,0.503,-0.289,-0.075,0.135,-0.106,-0.173,-0.441,0.386,-0.034,1.0,-0.697,-0.173,0.107,0.361,-0.052
3,B2_2,0.017,-0.312,0.185,0.018,-0.247,0.047,0.132,0.366,-0.229,0.1,-0.697,1.0,0.458,-0.146,-0.213,-0.213
3,B2_3,-0.348,-0.405,-0.322,0.159,0.152,-0.344,-0.17,0.225,-0.05,-0.318,-0.173,0.458,1.0,0.131,0.023,-0.438
3,y1,0.363,-0.425,-0.097,0.308,0.055,-0.059,-0.045,-0.261,0.203,-0.61,0.107,-0.146,0.131,1.0,0.077,0.575
3,y2,-0.19,0.329,0.046,-0.303,-0.295,-0.852,0.44,-0.229,-0.213,-0.408,0.361,-0.213,0.023,0.077,1.0,0.062
3,y3,0.663,-0.393,0.569,0.209,0.235,0.062,0.373,-0.411,0.138,-0.051,-0.052,-0.213,-0.438,0.575,0.062,1.0
4,.,1.0,-0.454,0.544,0.386,0.433,0.403,0.191,-0.251,-0.19,-0.018,-0.297,0.019,-0.348,0.359,-0.191,0.662
4,A1_1,-0.454,1.0,-0.241,-0.342,-0.454,-0.115,-0.314,0.273,0.059,0.041,0.502,-0.313,-0.407,-0.424,0.329,-0.392
4,A1_2,0.544,-0.241,1.0,-0.159,0.283,0.081,0.354,-0.342,-0.36,0.373,-0.289,0.185,-0.321,-0.098,0.045,0.569
4,A1_3,0.386,-0.342,-0.159,1.0,0.549,0.153,-0.056,0.094,0.351,-0.28,-0.076,0.018,0.158,0.308,-0.304,0.21
4,B1_1,0.433,-0.454,0.283,0.549,1.0,0.268,-0.098,-0.335,0.053,0.134,0.136,-0.246,0.153,0.057,-0.295,0.235
4,B1_2,0.403,-0.115,0.081,0.153,0.268,1.0,-0.394,0.01,0.124,0.464,-0.105,0.047,-0.343,-0.059,-0.852,0.061
4,B1_3,0.191,-0.314,0.354,-0.056,-0.098,-0.394,1.0,-0.501,-0.147,0.091,-0.173,0.131,-0.17,-0.042,0.44,0.375
4,A2_1,-0.251,0.273,-0.342,0.094,-0.335,0.01,-0.501,1.0,0.048,-0.118,-0.442,0.364,0.223,-0.26,-0.229,-0.408
4,A2_2,-0.19,0.059,-0.36,0.351,0.053,0.124,-0.147,0.048,1.0,0.26,0.385,-0.229,-0.051,0.204,-0.214,0.139
4,A2_3,-0.018,0.041,0.373,-0.28,0.134,0.464,0.091,-0.118,0.26,1.0,-0.035,0.099,-0.318,-0.61,-0.409,-0.051
4,B2_1,-0.297,0.502,-0.289,-0.076,0.136,-0.105,-0.173,-0.442,0.385,-0.035,1.0,-0.697,-0.172,0.109,0.36,-0.052
4,B2_2,0.019,-0.313,0.185,0.018,-0.246,0.047,0.131,0.364,-0.229,0.099,-0.697,1.0,0.459,-0.144,-0.213,-0.212
4,B2_3,-0.348,-0.407,-0.321,0.158,0.153,-0.343,-0.17,0.223,-0.051,-0.318,-0.172,0.459,1.0,0.133,0.024,-0.436
4,y1,0.359,-0.424,-0.098,0.308,0.057,-0.059,-0.042,-0.26,0.204,-0.61,0.109,-0.144,0.133,1.0,0.078,0.574
4,y2,-0.191,0.329,0.045,-0.304,-0.295,-0.852,0.44,-0.229,-0.214,-0.409,0.36,-0.213,0.024,0.078,1.0,0.064
4,y3,0.662,-0.392,0.569,0.21,0.235,0.061,0.375,-0.408,0.139,-0.051,-0.052,-0.212,-0.436,0.574,0.064,1.0
5,.,1.0,-0.453,0.545,0.388,0.434,0.405,0.195,-0.249,-0.19,-0.016,-0.297,0.02,-0.349,0.356,-0.191,0.661
5,A1_1,-0.453,1.0,-0.241,-0.342,-0.454,-0.115,-0.315,0.272,0.059,0.041,0.501,-0.314,-0.409,-0.423,0.328,-0.39
5,A1_2,0.545,-0.241,1.0,-0.156,0.284,0.082,0.355,-0.341,-0.359,0.374,-0.289,0.186,-0.321,-0.098,0.043,0.571
5,A1_3,0.388,-0.342,-0.156,1.0,0.55,0.155,-0.056,0.094,0.351,-0.278,-0.076,0.017,0.157,0.308,-0.304,0.21
5,B1_1,0.434,-0.454,0.284,0.55,1.0,0.27,-0.098,-0.335,0.054,0.134,0.137,-0.244,0.154,0.059,-0.295,0.234
5,B1_2,0.405,-0.115,0.082,0.155,0.27,1.0,-0.395,0.01,0.125,0.464,-0.104,0.048,-0.341,-0.059,-0.852,0.059
5,B1_3,0.195,-0.315,0.355,-0.056,-0.098,-0.395,1.0,-0.502,-0.147,0.09,-0.174,0.131,-0.17,-0.04,0.44,0.377
5,A2_1,-0.249,0.272,-0.341,0.094,-0.335,0.01,-0.502,1.0,0.048,-0.117,-0.444,0.363,0.222,-0.258,-0.229,-0.405
5,A2_2,-0.19,0.059,-0.359,0.351,0.054,0.125,-0.147,0.048,1.0,0.26,0.384,-0.229,-0.052,0.205,-0.214,0.141
5,A2_3,-0.016,0.041,0.374,-0.278,0.134,0.464,0.09,-0.117,0.26,1.0,-0.037,0.098,-0.319,-0.61,-0.41,-0.05
5,B2_1,-0.297,0.501,-0.289,-0.076,0.137,-0.104,-0.174,-0.444,0.384,-0.037,1.0,-0.696,-0.171,0.111,0.359,-0.052
5,B2_2,0.02,-0.314,0.186,0.017,-0.244,0.048,0.131,0.363,-0.229,0.098,-0.696,1.0,0.459,-0.143,-0.213,-0.21
5,B2_3,-0.349,-0.409,-0.321,0.157,0.154,-0.341,-0.17,0.222,-0.052,-0.319,-0.171,0.459,1.0,0.135,0.025,-0.435
5,y1,0.356,-0.423,-0.098,0.308,0.059,-0.059,-0.04,-0.258,0.205,-0.61,0.111,-0.143,0.135,1.0,0.08,0.574
5,y2,-0.191,0.328,0.043,-0.304,-0.295,-0.852,0.44,-0.229,-0.214,-0.41,0.359,-0.213,0.025,0.08,1.0,0.066
5,y3,0.661,-0.39,0.571,0.21,0.234,0.059,0.377,-0.405,0.141,-0.05,-0.052,-0.21,-0.435,0.574,0.066,1.0
6,.,1.0,-0.451,0.546,0.389,0.435,0.406,0.197,-0.247,-0.19,-0.013,-0.297,0.022,-0.349,0.352,-0.193,0.659
6,A1_1,-0.451,1.0,-0.242,-0.342,-0.454,-0.114,-0.316,0.271,0.058,0.04,0.501,-0.316,-0.41,-0.423,0.328,-0.388
6,A1_2,0.546,-0.242,1.0,-0.154,0.286,0.082,0.356,-0.34,-0.358,0.375,-0.29,0.186,-0.321,-0.099,0.042,0.571
6,A1_3,0.389,-0.342,-0.154,1.0,0.551,0.156,-0.056,0.095,0.351,-0.276,-0.076,0.017,0.156,0.308,-0.305,0.211
6,B1_1,0.435,-0.454,0.286,0.551,1.0,0.271,-0.098,-0.335,0.055,0.133,0.138,-0.243,0.155,0.062,-0.294,0.234
6,B1_2,0.406,-0.114,0.082,0.156,0.271,1.0,-0.396,0.011,0.126,0.464,-0.102,0.048,-0.34,-0.059,-0.852,0.057
6,B1_3,0.197,-0.316,0.356,-0.056,-0.098,-0.396,1.0,-0.503,-0.147,0.089,-0.174,0.131,-0.17,-0.038,0.439,0.379
6,A2_1,-0.247,0.271,-0.34,0.095,-0.335,0.011,-0.503,1.0,0.048,-0.116,-0.445,0.362,0.22,-0.257,-0.228,-0.403
6,A2_2,-0.19,0.058,-0.358,0.351,0.055,0.126,-0.147,0.048,1.0,0.26,0.383,-0.23,-0.052,0.206,-0.214,0.143
6,A2_3,-0.013,0.04,0.375,-0.276,0.133,0.464,0.089,-0.116,0.26,1.0,-0.038,0.097,-0.319,-0.61,-0.411,-0.049
6,B2_1,-0.297,0.501,-0.29,-0.076,0.138,-0.102,-0.174,-0.445,0.383,-0.038,1.0,-0.695,-0.17,0.113,0.358,-0.051
6,B2_2,0.022,-0.316,0.186,0.017,-0.243,0.048,0.131,0.362,-0.23,0.097,-0.695,1.0,0.46,-0.141,-0.213,-0.21
6,B2_3,-0.349,-0.41,-0.321,0.156,0.155,-0.34,-0.17,0.22,-0.052,-0.319,-0.17,0.46,1.0,0.137,0.026,-0.434
6,y1,0.352,-0.423,-0.099,0.308,0.062,-0.059,-0.038,-0.257,0.206,-0.61,0.113,-0.141,0.137,1.0,0.081,0.573
6,y2,-0.193,0.328,0.042,-0.305,-0.294,-0.852,0.439,-0.228,-0.214,-0.411,0.358,-0.213,0.026,0.081,1.0,0.067
6,y3,0.659,-0.388,0.571,0.211,0.234,0.057,0.379,-0.403,0.143,-0.049,-0.051,-0.21,-0.434,0.573,0.067,1.0
7,.,1.0,-0.449,0.547,0.391,0.436,0.408,0.2,-0.245,-0.19,-0.011,-0.297,0.024,-0.35,0.348,-0.194,0.657
7,A1_1,-0.449,1.0,-0.242,-0.343,-0.455,-0.114,-0.317,0.27,0.058,0.04,0.5,-0.317,-0.412,-0.422,0.327,-0.386
7,A1_2,0.547,-0.242,1.0,-0.152,0.287,0.083,0.357,-0.34,-0.357,0.376,-0.289,0.185,-0.321,-0.1,0.041,0.572
7,A1_3,0.391,-0.343,-0.152,1.0,0.551,0.157,-0.055,0.095,0.352,-0.274,-0.076,0.016,0.155,0.307,-0.306,0.212
7,B1_1,0.436,-0.455,0.287,0.551,1.0,0.272,-0.099,-0.335,0.055,0.133,0.139,-0.242,0.156,0.063,-0.294,0.234
7,B1_2,0.408,-0.114,0.083,0.157,0.272,1.0,-0.396,0.011,0.126,0.463,-0.1,0.048,-0.339,-0.059,-0.852,0.055
7,B1_3,0.2,-0.317,0.357,-0.055,-0.099,-0.396,1.0,-0.504,-0.147,0.088,-0.175,0.131,-0.169,-0.036,0.439,0.38
7,A2_1,-0.245,0.27,-0.34,0.095,-0.335,0.011,-0.504,1.0,0.048,-0.115,-0.447,0.361,0.218,-0.256,-0.228,-0.4
7,A2_2,-0.19,0.058,-0.357,0.352,0.055,0.126,-0.147,0.048,1.0,0.26,0.383,-0.23,-0.053,0.207,-0.214,0.144
7,A2_3,-0.011,0.04,0.376,-0.274,0.133,0.463,0.088,-0.115,0.26,1.0,-0.04,0.097,-0.32,-0.61,-0.412,-0.048
7,B2_1,-0.297,0.5,-0.289,-0.076,0.139,-0.1,-0.175,-0.447,0.383,-0.04,1.0,-0.694,-0.169,0.115,0.357,-0.051
7,B2_2,0.024,-0.317,0.185,0.016,-0.242,0.048,0.131,0.361,-0.23,0.097,-0.694,1.0,0.46,-0.14,-0.212,-0.209
7,B2_3,-0.35,-0.412,-0.321,0.155,0.156,-0.339,-0.169,0.218,-0.053,-0.32,-0.169,0.46,1.0,0.139,0.026,-0.432
7,y1,0.348,-0.422,-0.1,0.307,0.063,-0.059,-0.036,-0.256,0.207,-0.61,0.115,-0.14,0.139,1.0,0.082,0.572
7,y2,-0.194,0.327,0.041,-0.306,-0.294,-0.852,0.439,-0.228,-0.214,-0.412,0.357,-0.212,0.026,0.082,1.0,0.069
7,y3,0.657,-0.386,0.572,0.212,0.234,0.055,0.38,-0.4,0.144,-0.048,-0.051,-0.209,-0.432,0.572,0.069,1.0
8,.,1.0,-0.447,0.549,0.392,0.437,0.41,0.203,-0.244,-0.19,-0.008,-0.297,0.025,-0.351,0.344,-0.196,0.655
8,A1_1,-0.447,1.0,-0.243,-0.343,-0.455,-0.113,-0.318,0.269,0.057,0.04,0.499,-0.318,-0.413,-0.421,0.327,-0.385
8,A1_2,0.549,-0.243,1.0,-0.15,0.288,0.084,0.358,-0.339,-0.356,0.376,-0.29,0.185,-0.32,-0.1,0.039,0.572
8,A1_3,0.392,-0.343,-0.15,1.0,0.552,0.158,-0.055,0.096,0.352,-0.273,-0.077,0.016,0.154,0.307,-0.306,0.213
8,B1_1,0.437,-0.455,0.288,0.552,1.0,0.273,-0.099,-0.336,0.056,0.133,0.141,-0.241,0.157,0.065,-0.294,0.233
8,B1_2,0.41,-0.113,0.084,0.158,0.273,1.0,-0.396,0.011,0.127,0.463,-0.099,0.048,-0.338,-0.06,-0.852,0.053
8,B1_3,0.203,-0.318,0.358,-0.055,-0.099,-0.396,1.0,-0.505,-0.147,0.087,-0.175,0.13,-0.169,-0.034,0.439,0.382
8,A2_1,-0.244,0.269,-0.339,0.096,-0.336,0.011,-0.505,1.0,0.048,-0.115,-0.448,0.36,0.216,-0.255,-0.228,-0.398
8,A2_2,-0.19,0.057,-0.356,0.352,0.056,0.127,-0.147,0.048,1.0,0.261,0.382,-0.23,-0.053,0.208,-0.214,0.146
8,A2_3,-0.008,0.04,0.376,-0.273,0.133,0.463,0.087,-0.115,0.261,1.0,-0.041,0.096,-0.321,-0.61,-0.412,-0.048
8,B2_1,-0.297,0.499,-0.29,-0.077,0.141,-0.099,-0.175,-0.448,0.382,-0.041,1.0,-0.693,-0.168,0.117,0.356,-0.051
8,B2_2,0.025,-0.318,0.185,0.016,-0.241,0.048,0.13,0.36,-0.23,0.096,-0.693,1.0,0.461,-0.138,-0.212,-0.208
8,B2_3,-0.351,-0.413,-0.32,0.154,0.157,-0.338,-0.169,0.216,-0.053,-0.321,-0.168,0.461,1.0,0.141,0.027,-0.431
8,y1,0.344,-0.421,-0.1,0.307,0.065,-0.06,-0.034,-0.255,0.208,-0.61,0.117,-0.138,0.141,1.0,0.084,0.572
8,y2,-0.196,0.327,0.039,-0.306,-0.294,-0.852,0.439,-0.228,-0.214,-0.412,0.356,-0.212,0.027,0.084,1.0,0.07
8,y3,0.655,-0.385,0.572,0.213,0.233,0.053,0.382,-0.398,0.146,-0.048,-0.051,-0.208,-0.431,0.572,0.07,1.0
9,.,1.0,-0.445,0.55,0.392,0.437,0.411,0.206,-0.242,-0.19,-0.005,-0.297,0.026,-0.352,0.339,-0.197,0.653
9,A1_1,-0.445,1.0,-0.243,-0.343,-0.455,-0.113,-0.319,0.268,0.056,0.039,0.498,-0.319,-0.415,-0.42,0.326,-0.383
9,A1_2,0.55,-0.243,1.0,-0.148,0.29,0.085,0.359,-0.338,-0.354,0.377,-0.29,0.185,-0.32,-0.102,0.038,0.573
9,A1_3,0.392,-0.343,-0.148,1.0,0.552,0.159,-0.054,0.096,0.353,-0.271,-0.077,0.015,0.152,0.306,-0.307,0.213
9,B1_1,0.437,-0.455,0.29,0.552,1.0,0.274,-0.099,-0.336,0.056,0.132,0.142,-0.24,0.158,0.066,-0.294,0.233
9,B1_2,0.411,-0.113,0.085,0.159,0.274,1.0,-0.397,0.011,0.127,0.463,-0.098,0.049,-0.336,-0.06,-0.853,0.052
9,B1_3,0.206,-0.319,0.359,-0.054,-0.099,-0.397,1.0,-0.506,-0.147,0.086,-0.176,0.13,-0.169,-0.032,0.439,0.384
9,A2_1,-0.242,0.268,-0.338,0.096,-0.336,0.011,-0.506,1.0,0.048,-0.114,-0.449,0.359,0.215,-0.253,-0.228,-0.395
9,A2_2,-0.19,0.056,-0.354,0.353,0.056,0.127,-0.147,0.048,1.0,0.261,0.381,-0.23,-0.054,0.209,-0.214,0.147
9,A2_3,-0.005,0.039,0.377,-0.271,0.132,0.463,0.086,-0.114,0.261,1.0,-0.043,0.095,-0.322,-0.611,-0.413,-0.047
9,B2_1,-0.297,0.498,-0.29,-0.077,0.142,-0.098,-0.176,-0.449,0.381,-0.043,1.0,-0.692,-0.167,0.118,0.355,-0.05
9,B2_2,0.026,-0.319,0.185,0.015,-0.24,0.049,0.13,0.359,-0.23,0.095,-0.692,1.0,0.461,-0.137,-0.212,-0.208
9,B2_3,-0.352,-0.415,-0.32,0.152,0.158,-0.336,-0.169,0.215,-0.054,-0.322,-0.167,0.461,1.0,0.144,0.027,-0.43
9,y1,0.339,-0.42,-0.102,0.306,0.066,-0.06,-0.032,-0.253,0.209,-0.611,0.118,-0.137,0.144,1.0,0.085,0.57
9,y2,-0.197,0.326,0.038,-0.307,-0.294,-0.853,0.439,-0.228,-0.214,-0.413,0.355,-0.212,0.027,0.085,1.0,0.072
9,y3,0.653,-0.383,0.573,0.213,0.233,0.052,0.384,-0.395,0.147,-0.047,-0.05,-0.208,-0.43,0.57,0.072,1.0
10,.,1.0,-0.443,0.551,0.393,0.438,0.413,0.209,-0.241,-0.19,-0.002,-0.297,0.027,-0.353,0.335,-0.198,0.651
10,A1_1,-0.443,1.0,-0.243,-0.342,-0.455,-0.113,-0.32,0.267,0.056,0.039,0.497,-0.32,-0.417,-0.42,0.326,-0.381
10,A1_2,0.551,-0.243,1.0,-0.146,0.291,0.086,0.36,-0.337,-0.353,0.378,-0.29,0.185,-0.32,-0.103,0.037,0.573
10,A1_3,0.393,-0.342,-0.146,1.0,0.552,0.159,-0.054,0.096,0.354,-0.269,-0.077,0.014,0.15,0.305,-0.307,0.214
10,B1_1,0.438,-0.455,0.291,0.552,1.0,0.275,-0.099,-0.337,0.057,0.132,0.143,-0.238,0.159,0.068,-0.294,0.232
10,B1_2,0.413,-0.113,0.086,0.159,0.275,1.0,-0.397,0.012,0.128,0.463,-0.096,0.049,-0.335,-0.061,-0.853,0.049
10,B1_3,0.209,-0.32,0.36,-0.054,-0.099,-0.397,1.0,-0.508,-0.146,0.085,-0.176,0.13,-0.168,-0.029,0.438,0.385
10,A2_1,-0.241,0.267,-0.337,0.096,-0.337,0.012,-0.508,1.0,0.048,-0.113,-0.45,0.357,0.213,-0.252,-0.228,-0.393
10,A2_2,-0.19,0.056,-0.353,0.354,0.057,0.128,-0.146,0.048,1.0,0.262,0.38,-0.23,-0.054,0.209,-0.214,0.149
10,A2_3,-0.002,0.039,0.378,-0.269,0.132,0.463,0.085,-0.113,0.262,1.0,-0.044,0.095,-0.323,-0.611,-0.414,-0.047
10,B2_1,-0.297,0.497,-0.29,-0.077,0.143,-0.096,-0.176,-0.45,0.38,-0.044,1.0,-0.691,-0.166,0.12,0.354,-0.05
10,B2_2,0.027,-0.32,0.185,0.014,-0.238,0.049,0.13,0.357,-0.23,0.095,-0.691,1.0,0.462,-0.136,-0.212,-0.207
10,B2_3,-0.353,-0.417,-0.32,0.15,0.159,-0.335,-0.168,0.213,-0.054,-0.323,-0.166,0.462,1.0,0.146,0.028,-0.429
10,y1,0.335,-0.42,-0.103,0.305,0.068,-0.061,-0.029,-0.252,0.209,-0.611,0.12,-0.136,0.146,1.0,0.087,0.57
10,y2,-0.198,0.326,0.037,-0.307,-0.294,-0.853,0.438,-0.228,-0.214,-0.414,0.354,-0.212,0.028,0.087,1.0,0.074
10,y3,0.651,-0.381,0.573,0.214,0.232,0.049,0.385,-0.393,0.149,-0.047,-0.05,-0.207,-0.429,0.57,0.074,1.0
11,.,1.0,-0.44,0.551,0.394,0.438,0.414,0.212,-0.24,-0.191,-0.0,-0.296,0.028,-0.355,0.331,-0.199,0.649
11,A1_1,-0.44,1.0,-0.243,-0.342,-0.455,-0.112,-0.321,0.266,0.056,0.038,0.496,-0.322,-0.418,-0.419,0.325,-0.378
11,A1_2,0.551,-0.243,1.0,-0.144,0.292,0.086,0.361,-0.336,-0.352,0.379,-0.29,0.185,-0.32,-0.104,0.036,0.574
11,A1_3,0.394,-0.342,-0.144,1.0,0.553,0.16,-0.053,0.097,0.355,-0.267,-0.078,0.013,0.149,0.305,-0.308,0.215
11,B1_1,0.438,-0.455,0.292,0.553,1.0,0.276,-0.099,-0.337,0.057,0.132,0.144,-0.237,0.16,0.069,-0.294,0.231
11,B1_2,0.414,-0.112,0.086,0.16,0.276,1.0,-0.397,0.012,0.129,0.463,-0.095,0.049,-0.334,-0.061,-0.853,0.047
11,B1_3,0.212,-0.321,0.361,-0.053,-0.099,-0.397,1.0,-0.509,-0.146,0.085,-0.176,0.13,-0.168,-0.027,0.438,0.387
11,A2_1,-0.24,0.266,-0.336,0.097,-0.337,0.012,-0.509,1.0,0.048,-0.112,-0.452,0.356,0.212,-0.251,-0.228,-0.39
11,A2_2,-0.191,0.056,-0.352,0.355,0.057,0.129,-0.146,0.048,1.0,0.262,0.379,-0.23,-0.055,0.21,-0.214,0.15
11,A2_3,-0.0,0.038,0.379,-0.267,0.132,0.463,0.085,-0.112,0.262,1.0,-0.045,0.094,-0.323,-0.611,-0.415,-0.046
11,B2_1,-0.296,0.496,-0.29,-0.078,0.144,-0.095,-0.176,-0.452,0.379,-0.045,1.0,-0.69,-0.165,0.122,0.354,-0.05
11,B2_2,0.028,-0.322,0.185,0.013,-0.237,0.049,0.13,0.356,-0.23,0.094,-0.69,1.0,0.463,-0.134,-0.212,-0.206
11,B2_3,-0.355,-0.418,-0.32,0.149,0.16,-0.334,-0.168,0.212,-0.055,-0.323,-0.165,0.463,1.0,0.148,0.029,-0.428
11,y1,0.331,-0.419,-0.104,0.305,0.069,-0.061,-0.027,-0.251,0.21,-0.611,0.122,-0.134,0.148,1.0,0.088,0.569
11,y2,-0.199,0.325,0.036,-0.308,-0.294,-0.853,0.438,-0.228,-0.214,-0.415,0.354,-0.212,0.029,0.088,1.0,0.075
11,y3,0.649,-0.378,0.574,0.215,0.231,0.047,0.387,-0.39,0.15,-0.046,-0.05,-0.206,-0.428,0.569,0.075,1.0
12,.,1.0,-0.438,0.552,0.395,0.439,0.415,0.215,-0.238,-0.191,0.002,-0.296,0.028,-0.356,0.326,-0.2,0.646
12,A1_1,-0.438,1.0,-0.243,-0.342,-0.455,-0.112,-0.323,0.264,0.055,0.038,0.496,-0.323,-0.42,-0.418,0.325,-0.377
12,A1_2,0.552,-0.243,1.0,-0.142,0.294,0.087,0.362,-0.335,-0.351,0.38,-0.289,0.184,-0.32,-0.105,0.035,0.574
12,A1_3,0.395,-0.342,-0.142,1.0,0.553,0.161,-0.052,0.097,0.355,-0.265,-0.078,0.013,0.147,0.304,-0.309,0.216
12,B1_1,0.439,-0.455,0.294,0.553,1.0,0.277,-0.099,-0.337,0.058,0.131,0.145,-0.236,0.161,0.07,-0.294,0.231
12,B1_2,0.415,-0.112,0.087,0.161,0.277,1.0,-0.398,0.012,0.129,0.462,-0.093,0.05,-0.333,-0.062,-0.853,0.045
12,B1_3,0.215,-0.323,0.362,-0.052,-0.099,-0.398,1.0,-0.51,-0.146,0.084,-0.177,0.13,-0.167,-0.025,0.438,0.389
12,A2_1,-0.238,0.264,-0.335,0.097,-0.337,0.012,-0.51,1.0,0.047,-0.111,-0.453,0.355,0.21,-0.25,-0.228,-0.388
12,A2_2,-0.191,0.055,-0.351,0.355,0.058,0.129,-0.146,0.047,1.0,0.263,0.378,-0.23,-0.056,0.211,-0.215,0.152
12,A2_3,0.002,0.038,0.38,-0.265,0.131,0.462,0.084,-0.111,0.263,1.0,-0.047,0.094,-0.323,-0.612,-0.416,-0.046
12,B2_1,-0.296,0.496,-0.289,-0.078,0.145,-0.093,-0.177,-0.453,0.378,-0.047,1.0,-0.689,-0.164,0.123,0.353,-0.049
12,B2_2,0.028,-0.323,0.184,0.013,-0.236,0.05,0.13,0.355,-0.23,0.094,-0.689,1.0,0.464,-0.133,-0.212,-0.206
12,B2_3,-0.356,-0.42,-0.32,0.147,0.161,-0.333,-0.167,0.21,-0.056,-0.323,-0.164,0.464,1.0,0.149,0.029,-0.427
12,y1,0.326,-0.418,-0.105,0.304,0.07,-0.062,-0.025,-0.25,0.211,-0.612,0.123,-0.133,0.149,1.0,0.09,0.568
12,y2,-0.2,0.325,0.035,-0.309,-0.294,-0.853,0.438,-0.228,-0.215,-0.416,0.353,-0.212,0.029,0.09,1.0,0.077
12,y3,0.646,-0.377,0.574,0.216,0.231,0.045,0.389,-0.388,0.152,-0.046,-0.049,-0.206,-0.427,0.568,0.077,1.0
13,.,1.0,-0.436,0.553,0.396,0.439,0.415,0.218,-0.237,-0.192,0.004,-0.297,0.03,-0.357,0.322,-0.201,0.644
13,A1_1,-0.436,1.0,-0.243,-0.342,-0.455,-0.111,-0.324,0.264,0.055,0.038,0.495,-0.324,-0.421,-0.417,0.324,-0.375
13,A1_2,0.553,-0.243,1.0,-0.14,0.295,0.088,0.362,-0.334,-0.35,0.381,-0.289,0.184,-0.32,-0.106,0.033,0.574
13,A1_3,0.396,-0.342,-0.14,1.0,0.553,0.161,-0.052,0.098,0.355,-0.263,-0.078,0.012,0.146,0.303,-0.309,0.216
13,B1_1,0.439,-0.455,0.295,0.553,1.0,0.278,-0.099,-0.338,0.058,0.131,0.147,-0.235,0.162,0.071,-0.294,0.23
13,B1_2,0.415,-0.111,0.088,0.161,0.278,1.0,-0.398,0.012,0.13,0.462,-0.092,0.05,-0.331,-0.063,-0.853,0.043
13,B1_3,0.218,-0.324,0.362,-0.052,-0.099,-0.398,1.0,-0.51,-0.146,0.083,-0.178,0.13,-0.166,-0.022,0.437,0.39
13,A2_1,-0.237,0.264,-0.334,0.098,-0.338,0.012,-0.51,1.0,0.047,-0.11,-0.455,0.354,0.208,-0.249,-0.227,-0.385
13,A2_2,-0.192,0.055,-0.35,0.355,0.058,0.13,-0.146,0.047,1.0,0.263,0.378,-0.23,-0.056,0.211,-0.214,0.153
13,A2_3,0.004,0.038,0.381,-0.263,0.131,0.462,0.083,-0.11,0.263,1.0,-0.048,0.093,-0.324,-0.612,-0.416,-0.046
13,B2_1,-0.297,0.495,-0.289,-0.078,0.147,-0.092,-0.178,-0.455,0.378,-0.048,1.0,-0.688,-0.162,0.125,0.352,-0.049
13,B2_2,0.03,-0.324,0.184,0.012,-0.235,0.05,0.13,0.354,-0.23,0.093,-0.688,1.0,0.464,-0.132,-0.212,-0.205
13,B2_3,-0.357,-0.421,-0.32,0.146,0.162,-0.331,-0.166,0.208,-0.056,-0.324,-0.162,0.464,1.0,0.151,0.03,-0.425
13,y1,0.322,-0.417,-0.106,0.303,0.071,-0.063,-0.022,-0.249,0.211,-0.612,0.125,-0.132,0.151,1.0,0.091,0.568
13,y2,-0.201,0.324,0.033,-0.309,-0.294,-0.853,0.437,-0.227,-0.214,-0.416,0.352,-0.212,0.03,0.091,1.0,0.079
13,y3,0.644,-0.375,0.574,0.216,0.23,0.043,0.39,-0.385,0.153,-0.046,-0.049,-0.205,-0.425,0.568,0.079,1.0
14,.,1.0,-0.433,0.555,0.397,0.439,0.416,0.221,-0.236,-0.193,0.007,-0.297,0.03,-0.359,0.317,-0.202,0.642
14,A1_1,-0.433,1.0,-0.243,-0.342,-0.455,-0.11,-0.325,0.263,0.055,0.037,0.494,-0.325,-0.423,-0.417,0.324,-0.373
14,A1_2,0.555,-0.243,1.0,-0.138,0.296,0.088,0.363,-0.334,-0.349,0.382,-0.289,0.184,-0.32,-0.107,0.032,0.575
14,A1_3,0.397,-0.342,-0.138,1.0,0.553,0.162,-0.052,0.098,0.356,-0.262,-0.079,0.012,0.145,0.303,-0.31,0.216
14,B1_1,0.439,-0.455,0.296,0.553,1.0,0.279,-0.099,-0.338,0.059,0.131,0.148,-0.233,0.163,0.073,-0.294,0.229
14,B1_2,0.416,-0.11,0.088,0.162,0.279,1.0,-0.399,0.012,0.131,0.462,-0.091,0.05,-0.33,-0.063,-0.853,0.04
14,B1_3,0.221,-0.325,0.363,-0.052,-0.099,-0.399,1.0,-0.511,-0.146,0.082,-0.178,0.13,-0.165,-0.02,0.438,0.392
14,A2_1,-0.236,0.263,-0.334,0.098,-0.338,0.012,-0.511,1.0,0.048,-0.11,-0.456,0.353,0.206,-0.248,-0.227,-0.383
14,A2_2,-0.193,0.055,-0.349,0.356,0.059,0.131,-0.146,0.048,1.0,0.264,0.377,-0.231,-0.057,0.211,-0.214,0.155
14,A2_3,0.007,0.037,0.382,-0.262,0.131,0.462,0.082,-0.11,0.264,1.0,-0.05,0.093,-0.325,-0.613,-0.416,-0.045
14,B2_1,-0.297,0.494,-0.289,-0.079,0.148,-0.091,-0.178,-0.456,0.377,-0.05,1.0,-0.687,-0.161,0.127,0.351,-0.049
14,B2_2,0.03,-0.325,0.184,0.012,-0.233,0.05,0.13,0.353,-0.231,0.093,-0.687,1.0,0.465,-0.131,-0.212,-0.204
14,B2_3,-0.359,-0.423,-0.32,0.145,0.163,-0.33,-0.165,0.206,-0.057,-0.325,-0.161,0.465,1.0,0.153,0.03,-0.424
14,y1,0.317,-0.417,-0.107,0.303,0.073,-0.063,-0.02,-0.248,0.211,-0.613,0.127,-0.131,0.153,1.0,0.092,0.568
14,y2,-0.202,0.324,0.032,-0.31,-0.294,-0.853,0.438,-0.227,-0.214,-0.416,0.351,-0.212,0.03,0.092,1.0,0.08
14,y3,0.642,-0.373,0.575,0.216,0.229,0.04,0.392,-0.383,0.155,-0.045,-0.049,-0.204,-0.424,0.568,0.08,1.0
15,.,1.0,-0.432,0.556,0.398,0.439,0.417,0.224,-0.235,-0.193,0.01,-0.297,0.03,-0.36,0.313,-0.203,0.641
15,A1_1,-0.432,1.0,-0.243,-0.342,-0.455,-0.11,-0.326,0.262,0.055,0.037,0.493,-0.326,-0.424,-0.416,0.324,-0.372
15,A1_2,0.556,-0.243,1.0,-0.136,0.297,0.089,0.364,-0.333,-0.348,0.382,-0.289,0.183,-0.32,-0.108,0.03,0.576
15,A1_3,0.398,-0.342,-0.136,1.0,0.554,0.163,-0.051,0.099,0.356,-0.26,-0.08,0.011,0.144,0.302,-0.31,0.217
15,B1_1,0.439,-0.455,0.297,0.554,1.0,0.279,-0.099,-0.339,0.059,0.131,0.149,-0.232,0.164,0.074,-0.294,0.228
15,B1_2,0.417,-0.11,0.089,0.163,0.279,1.0,-0.399,0.013,0.131,0.462,-0.089,0.051,-0.328,-0.064,-0.853,0.038
15,B1_3,0.224,-0.326,0.364,-0.051,-0.099,-0.399,1.0,-0.512,-0.146,0.081,-0.178,0.13,-0.165,-0.018,0.437,0.394
15,A2_1,-0.235,0.262,-0.333,0.099,-0.339,0.013,-0.512,1.0,0.048,-0.109,-0.457,0.352,0.205,-0.247,-0.227,-0.381
15,A2_2,-0.193,0.055,-0.348,0.356,0.059,0.131,-0.146,0.048,1.0,0.264,0.376,-0.231,-0.057,0.212,-0.214,0.155
15,A2_3,0.01,0.037,0.382,-0.26,0.131,0.462,0.081,-0.109,0.264,1.0,-0.051,0.092,-0.325,-0.613,-0.417,-0.045
15,B2_1,-0.297,0.493,-0.289,-0.08,0.149,-0.089,-0.178,-0.457,0.376,-0.051,1.0,-0.685,-0.16,0.128,0.351,-0.049
15,B2_2,0.03,-0.326,0.183,0.011,-0.232,0.051,0.13,0.352,-0.231,0.092,-0.685,1.0,0.465,-0.13,-0.211,-0.204
15,B2_3,-0.36,-0.424,-0.32,0.144,0.164,-0.328,-0.165,0.205,-0.057,-0.325,-0.16,0.465,1.0,0.155,0.03,-0.423
15,y1,0.313,-0.416,-0.108,0.302,0.074,-0.064,-0.018,-0.247,0.212,-0.613,0.128,-0.13,0.155,1.0,0.093,0.566
15,y2,-0.203,0.324,0.03,-0.31,-0.294,-0.853,0.437,-0.227,-0.214,-0.417,0.351,-0.211,0.03,0.093,1.0,0.082
15,y3,0.641,-0.372,0.576,0.217,0.228,0.038,0.394,-0.381,0.155,-0.045,-0.049,-0.204,-0.423,0.566,0.082,1.0
16,.,1.0,-0.429,0.557,0.399,0.439,0.417,0.227,-0.233,-0.194,0.012,-0.298,0.031,-0.361,0.308,-0.204,0.638
16,A1_1,-0.429,1.0,-0.243,-0.342,-0.455,-0.109,-0.328,0.261,0.054,0.037,0.492,-0.327,-0.425,-0.416,0.323,-0.37
16,A1_2,0.557,-0.243,1.0,-0.134,0.298,0.09,0.365,-0.332,-0.346,0.383,-0.289,0.182,-0.321,-0.109,0.029,0.576
16,A1_3,0.399,-0.342,-0.134,1.0,0.554,0.163,-0.051,0.099,0.356,-0.258,-0.08,0.01,0.142,0.301,-0.311,0.217
16,B1_1,0.439,-0.455,0.298,0.554,1.0,0.28,-0.1,-0.339,0.06,0.13,0.15,-0.231,0.166,0.075,-0.294,0.227
16,B1_2,0.417,-0.109,0.09,0.163,0.28,1.0,-0.399,0.013,0.132,0.462,-0.088,0.051,-0.327,-0.065,-0.854,0.035
16,B1_3,0.227,-0.328,0.365,-0.051,-0.1,-0.399,1.0,-0.513,-0.146,0.08,-0.178,0.131,-0.164,-0.015,0.438,0.395
16,A2_1,-0.233,0.261,-0.332,0.099,-0.339,0.013,-0.513,1.0,0.047,-0.108,-0.459,0.351,0.203,-0.246,-0.227,-0.378
16,A2_2,-0.194,0.054,-0.346,0.356,0.06,0.132,-0.146,0.047,1.0,0.265,0.375,-0.231,-0.058,0.212,-0.214,0.157
16,A2_3,0.012,0.037,0.383,-0.258,0.13,0.462,0.08,-0.108,0.265,1.0,-0.052,0.091,-0.326,-0.614,-0.417,-0.045
16,B2_1,-0.298,0.492,-0.289,-0.08,0.15,-0.088,-0.178,-0.459,0.375,-0.052,1.0,-0.684,-0.159,0.13,0.35,-0.049
16,B2_2,0.031,-0.327,0.182,0.01,-0.231,0.051,0.131,0.351,-0.231,0.091,-0.684,1.0,0.466,-0.129,-0.211,-0.203
16,B2_3,-0.361,-0.425,-0.321,0.142,0.166,-0.327,-0.164,0.203,-0.058,-0.326,-0.159,0.466,1.0,0.157,0.03,-0.422
16,y1,0.308,-0.416,-0.109,0.301,0.075,-0.065,-0.015,-0.246,0.212,-0.614,0.13,-0.129,0.157,1.0,0.094,0.566
16,y2,-0.204,0.323,0.029,-0.311,-0.294,-0.854,0.438,-0.227,-0.214,-0.417,0.35,-0.211,0.03,0.094,1.0,0.084
16,y3,0.638,-0.37,0.576,0.217,0.227,0.035,0.395,-0.378,0.157,-0.045,-0.049,-0.203,-0.422,0.566,0.084,1.0
17,.,1.0,-0.427,0.558,0.4,0.438,0.418,0.228,-0.231,-0.194,0.014,-0.298,0.032,-0.363,0.303,-0.205,0.636
17,A1_1,-0.427,1.0,-0.242,-0.342,-0.455,-0.109,-0.329,0.26,0.054,0.037,0.492,-0.328,-0.427,-0.415,0.323,-0.368
17,A1_2,0.558,-0.242,1.0,-0.132,0.299,0.09,0.365,-0.331,-0.345,0.384,-0.289,0.182,-0.321,-0.11,0.028,0.576
17,A1_3,0.4,-0.342,-0.132,1.0,0.554,0.164,-0.05,0.099,0.357,-0.256,-0.08,0.01,0.141,0.3,-0.312,0.218
17,B1_1,0.438,-0.455,0.299,0.554,1.0,0.281,-0.1,-0.34,0.06,0.13,0.152,-0.23,0.167,0.076,-0.294,0.226
17,B1_2,0.418,-0.109,0.09,0.164,0.281,1.0,-0.4,0.013,0.132,0.461,-0.087,0.052,-0.325,-0.065,-0.854,0.032
17,B1_3,0.228,-0.329,0.365,-0.05,-0.1,-0.4,1.0,-0.514,-0.146,0.08,-0.178,0.131,-0.163,-0.013,0.437,0.396
17,A2_1,-0.231,0.26,-0.331,0.099,-0.34,0.013,-0.514,1.0,0.047,-0.107,-0.46,0.35,0.201,-0.245,-0.226,-0.375
17,A2_2,-0.194,0.054,-0.345,0.357,0.06,0.132,-0.146,0.047,1.0,0.265,0.375,-0.231,-0.059,0.212,-0.214,0.158
17,A2_3,0.014,0.037,0.384,-0.256,0.13,0.461,0.08,-0.107,0.265,1.0,-0.053,0.091,-0.326,-0.615,-0.417,-0.045
17,B2_1,-0.298,0.492,-0.289,-0.08,0.152,-0.087,-0.178,-0.46,0.375,-0.053,1.0,-0.683,-0.158,0.132,0.349,-0.049
17,B2_2,0.032,-0.328,0.182,0.01,-0.23,0.052,0.131,0.35,-0.231,0.091,-0.683,1.0,0.467,-0.128,-0.211,-0.203
17,B2_3,-0.363,-0.427,-0.321,0.141,0.167,-0.325,-0.163,0.201,-0.059,-0.326,-0.158,0.467,1.0,0.159,0.031,-0.42
17,y1,0.303,-0.415,-0.11,0.3,0.076,-0.065,-0.013,-0.245,0.212,-0.615,0.132,-0.128,0.159,1.0,0.095,0.566
17,y2,-0.205,0.323,0.028,-0.312,-0.294,-0.854,0.437,-0.226,-0.214,-0.417,0.349,-0.211,0.031,0.095,1.0,0.085
17,y3,0.636,-0.368,0.576,0.218,0.226,0.032,0.396,-0.375,0.158,-0.045,-0.049,-0.203,-0.42,0.566,0.085,1.0
18,.,1.0,-0.424,0.559,0.4,0.437,0.419,0.231,-0.229,-0.195,0.017,-0.299,0.032,-0.365,0.299,-0.206,0.634
18,A1_1,-0.424,1.0,-0.242,-0.342,-0.454,-0.108,-0.33,0.259,0.054,0.038,0.491,-0.329,-0.429,-0.415,0.323,-0.366
18,A1_2,0.559,-0.242,1.0,-0.13,0.3,0.091,0.366,-0.33,-0.344,0.385,-0.29,0.182,-0.321,-0.111,0.026,0.577
18,A1_3,0.4,-0.342,-0.13,1.0,0.554,0.164,-0.05,0.1,0.358,-0.255,-0.081,0.009,0.139,0.299,-0.312,0.218
18,B1_1,0.437,-0.454,0.3,0.554,1.0,0.282,-0.1,-0.34,0.061,0.13,0.153,-0.229,0.168,0.077,-0.294,0.225
18,B1_2,0.419,-0.108,0.091,0.164,0.282,1.0,-0.4,0.013,0.132,0.461,-0.085,0.052,-0.324,-0.066,-0.854,0.03
18,B1_3,0.231,-0.33,0.366,-0.05,-0.1,-0.4,1.0,-0.515,-0.146,0.079,-0.179,0.131,-0.162,-0.011,0.437,0.398
18,A2_1,-0.229,0.259,-0.33,0.1,-0.34,0.013,-0.515,1.0,0.047,-0.107,-0.461,0.349,0.199,-0.244,-0.227,-0.373
18,A2_2,-0.195,0.054,-0.344,0.358,0.061,0.132,-0.146,0.047,1.0,0.265,0.374,-0.231,-0.06,0.212,-0.214,0.159
18,A2_3,0.017,0.038,0.385,-0.255,0.13,0.461,0.079,-0.107,0.265,1.0,-0.055,0.09,-0.327,-0.615,-0.418,-0.045
18,B2_1,-0.299,0.491,-0.29,-0.081,0.153,-0.085,-0.179,-0.461,0.374,-0.055,1.0,-0.682,-0.157,0.133,0.349,-0.049
18,B2_2,0.032,-0.329,0.182,0.009,-0.229,0.052,0.131,0.349,-0.231,0.09,-0.682,1.0,0.467,-0.127,-0.211,-0.202
18,B2_3,-0.365,-0.429,-0.321,0.139,0.168,-0.324,-0.162,0.199,-0.06,-0.327,-0.157,0.467,1.0,0.161,0.031,-0.42
18,y1,0.299,-0.415,-0.111,0.299,0.077,-0.066,-0.011,-0.244,0.212,-0.615,0.133,-0.127,0.161,1.0,0.096,0.565
18,y2,-0.206,0.323,0.026,-0.312,-0.294,-0.854,0.437,-0.227,-0.214,-0.418,0.349,-0.211,0.031,0.096,1.0,0.087
18,y3,0.634,-0.366,0.577,0.218,0.225,0.03,0.398,-0.373,0.159,-0.045,-0.049,-0.202,-0.42,0.565,0.087,1.0
19,.,1.0,-0.421,0.56,0.401,0.436,0.42,0.233,-0.227,-0.195,0.019,-0.3,0.033,-0.366,0.294,-0.208,0.631
19,A1_1,-0.421,1.0,-0.242,-0.341,-0.454,-0.107,-0.33,0.258,0.054,0.038,0.49,-0.33,-0.431,-0.414,0.322,-0.364
19,A1_2,0.56,-0.242,1.0,-0.127,0.301,0.092,0.366,-0.329,-0.343,0.386,-0.29,0.181,-0.321,-0.113,0.024,0.577
19,A1_3,0.401,-0.341,-0.127,1.0,0.554,0.165,-0.049,0.1,0.358,-0.253,-0.081,0.008,0.138,0.298,-0.313,0.219
19,B1_1,0.436,-0.454,0.301,0.554,1.0,0.283,-0.1,-0.341,0.061,0.13,0.154,-0.227,0.169,0.077,-0.295,0.224
19,B1_2,0.42,-0.107,0.092,0.165,0.283,1.0,-0.401,0.013,0.133,0.461,-0.084,0.053,-0.322,-0.067,-0.854,0.027
19,B1_3,0.233,-0.33,0.366,-0.049,-0.1,-0.401,1.0,-0.516,-0.146,0.079,-0.179,0.131,-0.162,-0.009,0.436,0.399
19,A2_1,-0.227,0.258,-0.329,0.1,-0.341,0.013,-0.516,1.0,0.047,-0.106,-0.462,0.348,0.198,-0.243,-0.226,-0.371
19,A2_2,-0.195,0.054,-0.343,0.358,0.061,0.133,-0.146,0.047,1.0,0.266,0.373,-0.231,-0.06,0.212,-0.214,0.16
19,A2_3,0.019,0.038,0.386,-0.253,0.13,0.461,0.079,-0.106,0.266,1.0,-0.056,0.09,-0.327,-0.616,-0.418,-0.045
19,B2_1,-0.3,0.49,-0.29,-0.081,0.154,-0.084,-0.179,-0.462,0.373,-0.056,1.0,-0.68,-0.155,0.135,0.348,-0.049
19,B2_2,0.033,-0.33,0.181,0.008,-0.227,0.053,0.131,0.348,-0.231,0.09,-0.68,1.0,0.468,-0.126,-0.211,-0.202
19,B2_3,-0.366,-0.431,-0.321,0.138,0.169,-0.322,-0.162,0.198,-0.06,-0.327,-0.155,0.468,1.0,0.162,0.032,-0.419
19,y1,0.294,-0.414,-0.113,0.298,0.077,-0.067,-0.009,-0.243,0.212,-0.616,0.135,-0.126,0.162,1.0,0.098,0.564
19,y2,-0.208,0.322,0.024,-0.313,-0.295,-0.854,0.436,-0.226,-0.214,-0.418,0.348,-0.211,0.032,0.098,1.0,0.089
19,y3,0.631,-0.364,0.577,0.219,0.224,0.027,0.399,-0.371,0.16,-0.045,-0.049,-0.202,-0.419,0.564,0.089,1.0
20,.,1.0,-0.418,0.56,0.401,0.435,0.42,0.234,-0.225,-0.196,0.021,-0.3,0.033,-0.368,0.29,-0.209,0.628
20,A1_1,-0.418,1.0,-0.241,-0.341,-0.454,-0.107,-0.331,0.257,0.053,0.038,0.489,-0.331,-0.432,-0.413,0.322,-0.362
20,A1_2,0.56,-0.241,1.0,-0.125,0.302,0.092,0.367,-0.328,-0.341,0.387,-0.29,0.181,-0.321,-0.114,0.023,0.577
20,A1_3,0.401,-0.341,-0.125,1.0,0.554,0.166,-0.049,0.1,0.358,-0.251,-0.081,0.007,0.136,0.296,-0.314,0.219
20,B1_1,0.435,-0.454,0.302,0.554,1.0,0.284,-0.1,-0.341,0.062,0.13,0.156,-0.226,0.17,0.078,-0.295,0.222
20,B1_2,0.42,-0.107,0.092,0.166,0.284,1.0,-0.401,0.014,0.134,0.46,-0.083,0.053,-0.321,-0.068,-0.855,0.024
20,B1_3,0.234,-0.331,0.367,-0.049,-0.1,-0.401,1.0,-0.517,-0.146,0.078,-0.179,0.131,-0.161,-0.007,0.436,0.401
20,A2_1,-0.225,0.257,-0.328,0.1,-0.341,0.014,-0.517,1.0,0.047,-0.105,-0.463,0.346,0.196,-0.243,-0.225,-0.369
20,A2_2,-0.196,0.053,-0.341,0.358,0.062,0.134,-0.146,0.047,1.0,0.266,0.373,-0.231,-0.061,0.212,-0.214,0.162
20,A2_3,0.021,0.038,0.387,-0.251,0.13,0.46,0.078,-0.105,0.266,1.0,-0.057,0.089,-0.328,-0.617,-0.418,-0.045
20,B2_1,-0.3,0.489,-0.29,-0.081,0.156,-0.083,-0.179,-0.463,0.373,-0.057,1.0,-0.679,-0.154,0.136,0.347,-0.049
20,B2_2,0.033,-0.331,0.181,0.007,-0.226,0.053,0.131,0.346,-0.231,0.089,-0.679,1.0,0.469,-0.125,-0.211,-0.202
20,B2_3,-0.368,-0.432,-0.321,0.136,0.17,-0.321,-0.161,0.196,-0.061,-0.328,-0.154,0.469,1.0,0.164,0.032,-0.418
20,y1,0.29,-0.413,-0.114,0.296,0.078,-0.068,-0.007,-0.243,0.212,-0.617,0.136,-0.125,0.164,1.0,0.099,0.563
20,y2,-0.209,0.322,0.023,-0.314,-0.295,-0.855,0.436,-0.225,-0.214,-0.418,0.347,-0.211,0.032,0.099,1.0,0.091
20,y3,0.628,-0.362,0.577,0.219,0.222,0.024,0.401,-0.369,0.162,-0.045,-0.049,-0.202,-0.418,0.563,0.091,1.0
21,.,1.0,-0.415,0.561,0.402,0.434,0.42,0.237,-0.225,-0.196,0.022,-0.3,0.033,-0.37,0.286,-0.209,0.626
21,A1_1,-0.415,1.0,-0.241,-0.34,-0.454,-0.106,-0.332,0.256,0.053,0.038,0.488,-0.332,-0.434,-0.413,0.322,-0.36
21,A1_2,0.561,-0.241,1.0,-0.124,0.303,0.092,0.367,-0.327,-0.34,0.387,-0.29,0.181,-0.321,-0.115,0.021,0.577
21,A1_3,0.402,-0.34,-0.124,1.0,0.554,0.167,-0.049,0.101,0.359,-0.249,-0.082,0.007,0.134,0.296,-0.315,0.219
21,B1_1,0.434,-0.454,0.303,0.554,1.0,0.285,-0.101,-0.341,0.062,0.129,0.157,-0.225,0.171,0.079,-0.295,0.221
21,B1_2,0.42,-0.106,0.092,0.167,0.285,1.0,-0.402,0.014,0.135,0.46,-0.081,0.053,-0.319,-0.069,-0.855,0.021
21,B1_3,0.237,-0.332,0.367,-0.049,-0.101,-0.402,1.0,-0.518,-0.145,0.077,-0.179,0.131,-0.16,-0.005,0.436,0.403
21,A2_1,-0.225,0.256,-0.327,0.101,-0.341,0.014,-0.518,1.0,0.047,-0.104,-0.464,0.345,0.194,-0.242,-0.225,-0.367
21,A2_2,-0.196,0.053,-0.34,0.359,0.062,0.135,-0.145,0.047,1.0,0.267,0.372,-0.231,-0.062,0.212,-0.214,0.163
21,A2_3,0.022,0.038,0.387,-0.249,0.129,0.46,0.077,-0.104,0.267,1.0,-0.058,0.088,-0.328,-0.618,-0.418,-0.044
21,B2_1,-0.3,0.488,-0.29,-0.082,0.157,-0.081,-0.179,-0.464,0.372,-0.058,1.0,-0.678,-0.153,0.138,0.346,-0.049
21,B2_2,0.033,-0.332,0.181,0.007,-0.225,0.053,0.131,0.345,-0.231,0.088,-0.678,1.0,0.47,-0.123,-0.211,-0.202
21,B2_3,-0.37,-0.434,-0.321,0.134,0.171,-0.319,-0.16,0.194,-0.062,-0.328,-0.153,0.47,1.0,0.166,0.032,-0.417
21,y1,0.286,-0.413,-0.115,0.296,0.079,-0.069,-0.005,-0.242,0.212,-0.618,0.138,-0.123,0.166,1.0,0.1,0.562
21,y2,-0.209,0.322,0.021,-0.315,-0.295,-0.855,0.436,-0.225,-0.214,-0.418,0.346,-0.211,0.032,0.1,1.0,0.093
21,y3,0.626,-0.36,0.577,0.219,0.221,0.021,0.403,-0.367,0.163,-0.044,-0.049,-0.202,-0.417,0.562,0.093,1.0
22,.,1.0,-0.412,0.562,0.402,0.433,0.421,0.238,-0.222,-0.196,0.025,-0.301,0.033,-0.372,0.281,-0.211,0.623
22,A1_1,-0.412,1.0,-0.241,-0.34,-0.453,-0.105,-0.333,0.255,0.053,0.038,0.488,-0.333,-0.435,-0.412,0.321,-0.358
22,A1_2,0.562,-0.241,1.0,-0.121,0.303,0.093,0.368,-0.326,-0.339,0.388,-0.291,0.18,-0.321,-0.116,0.02,0.577
22,A1_3,0.402,-0.34,-0.121,1.0,0.554,0.167,-0.048,0.101,0.359,-0.247,-0.082,0.006,0.133,0.295,-0.316,0.219
22,B1_1,0.433,-0.453,0.303,0.554,1.0,0.286,-0.101,-0.342,0.063,0.129,0.158,-0.223,0.173,0.08,-0.296,0.219
22,B1_2,0.421,-0.105,0.093,0.167,0.286,1.0,-0.402,0.014,0.135,0.46,-0.08,0.054,-0.317,-0.07,-0.855,0.018
22,B1_3,0.238,-0.333,0.368,-0.048,-0.101,-0.402,1.0,-0.519,-0.145,0.077,-0.179,0.131,-0.159,-0.002,0.436,0.404
22,A2_1,-0.222,0.255,-0.326,0.101,-0.342,0.014,-0.519,1.0,0.047,-0.103,-0.465,0.344,0.193,-0.242,-0.225,-0.365
22,A2_2,-0.196,0.053,-0.339,0.359,0.063,0.135,-0.145,0.047,1.0,0.268,0.371,-0.231,-0.062,0.213,-0.215,0.164
22,A2_3,0.025,0.038,0.388,-0.247,0.129,0.46,0.077,-0.103,0.268,1.0,-0.06,0.088,-0.329,-0.619,-0.419,-0.045
22,B2_1,-0.301,0.488,-0.291,-0.082,0.158,-0.08,-0.179,-0.465,0.371,-0.06,1.0,-0.676,-0.152,0.139,0.345,-0.048
22,B2_2,0.033,-0.333,0.18,0.006,-0.223,0.054,0.131,0.344,-0.231,0.088,-0.676,1.0,0.471,-0.123,-0.211,-0.202
22,B2_3,-0.372,-0.435,-0.321,0.133,0.173,-0.317,-0.159,0.193,-0.062,-0.329,-0.152,0.471,1.0,0.167,0.032,-0.416
22,y1,0.281,-0.412,-0.116,0.295,0.08,-0.07,-0.002,-0.242,0.213,-0.619,0.139,-0.123,0.167,1.0,0.101,0.562
22,y2,-0.211,0.321,0.02,-0.316,-0.296,-0.855,0.436,-0.225,-0.215,-0.419,0.345,-0.211,0.032,0.101,1.0,0.094
22,y3,0.623,-0.358,0.577,0.219,0.219,0.018,0.404,-0.365,0.164,-0.045,-0.048,-0.202,-0.416,0.562,0.094,1.0
23,.,1.0,-0.41,0.563,0.403,0.432,0.421,0.24,-0.22,-0.197,0.027,-0.302,0.034,-0.373,0.276,-0.212,0.62
23,A1_1,-0.41,1.0,-0.241,-0.34,-0.453,-0.105,-0.334,0.254,0.053,0.038,0.487,-0.334,-0.436,-0.412,0.321,-0.356
23,A1_2,0.563,-0.241,1.0,-0.12,0.304,0.094,0.368,-0.324,-0.338,0.389,-0.291,0.18,-0.322,-0.117,0.018,0.576
23,A1_3,0.403,-0.34,-0.12,1.0,0.554,0.167,-0.048,0.102,0.36,-0.246,-0.083,0.005,0.132,0.294,-0.316,0.219
23,B1_1,0.432,-0.453,0.304,0.554,1.0,0.287,-0.102,-0.342,0.063,0.128,0.16,-0.222,0.174,0.081,-0.296,0.218
23,B1_2,0.421,-0.105,0.094,0.167,0.287,1.0,-0.402,0.014,0.136,0.459,-0.079,0.054,-0.316,-0.071,-0.855,0.016
