,,.,A1_1,A1_2,A1_3,B1_1,B1_2,B1_3,A2_1,A2_2,A2_3,B2_1,B2_2,B2_3,y1,y2,y3
0,.,0.111,0.063,0.046,0.058,0.06,0.032,0.042,0.038,0.096,0.032,0.051,0.056,0.013,0.131,0.127,0.043
0,A1_1,0.093,0.076,0.033,0.191,0.029,0.057,0.081,0.023,0.102,0.07,0.024,0.03,0.051,0.012,0.112,0.018
0,A1_2,0.057,0.099,0.104,0.123,0.036,0.035,0.057,0.018,0.078,0.024,0.06,0.117,0.026,0.063,0.086,0.017
0,A1_3,0.174,0.054,0.1,0.07,0.026,0.012,0.041,0.055,0.049,0.137,0.044,0.025,0.032,0.084,0.065,0.033
0,B1_1,0.056,0.138,0.039,0.294,0.025,0.022,0.064,0.012,0.047,0.057,0.021,0.048,0.019,0.023,0.11,0.024
0,B1_2,0.133,0.044,0.099,0.077,0.04,0.019,0.057,0.045,0.086,0.07,0.074,0.064,0.028,0.092,0.06,0.013
0,B1_3,0.064,0.111,0.073,0.302,0.017,0.02,0.082,0.016,0.038,0.071,0.015,0.044,0.035,0.019,0.076,0.016
0,A2_1,0.061,0.031,0.208,0.161,0.047,0.02,0.069,0.057,0.04,0.072,0.044,0.04,0.074,0.028,0.03,0.018
0,A2_2,0.118,0.049,0.099,0.145,0.04,0.016,0.083,0.033,0.088,0.062,0.049,0.058,0.03,0.07,0.049,0.011
0,A2_3,0.074,0.064,0.091,0.223,0.028,0.028,0.095,0.027,0.063,0.075,0.028,0.057,0.047,0.03,0.059,0.012
0,B2_1,0.144,0.071,0.079,0.186,0.037,0.019,0.061,0.024,0.051,0.081,0.055,0.045,0.041,0.031,0.065,0.009
0,B2_2,0.076,0.033,0.201,0.083,0.028,0.017,0.079,0.032,0.069,0.098,0.067,0.066,0.06,0.05,0.031,0.011
0,B2_3,0.095,0.087,0.085,0.263,0.022,0.019,0.045,0.03,0.016,0.119,0.026,0.04,0.046,0.026,0.07,0.012
0,y1,0.208,0.055,0.105,0.071,0.042,0.011,0.043,0.019,0.067,0.047,0.106,0.048,0.03,0.096,0.045,0.008
0,y2,0.083,0.047,0.118,0.149,0.029,0.025,0.091,0.031,0.069,0.114,0.039,0.038,0.078,0.019,0.05,0.018
0,y3,0.062,0.103,0.105,0.2,0.035,0.021,0.057,0.029,0.064,0.03,0.038,0.069,0.021,0.064,0.076,0.025
1,.,0.115,0.062,0.045,0.056,0.06,0.031,0.041,0.039,0.095,0.031,0.051,0.056,0.012,0.134,0.127,0.044
1,A1_1,0.1,0.075,0.031,0.181,0.03,0.058,0.079,0.024,0.103,0.068,0.024,0.029,0.05,0.013,0.115,0.018
1,A1_2,0.061,0.097,0.101,0.117,0.038,0.037,0.057,0.018,0.077,0.024,0.06,0.117,0.026,0.064,0.088,0.018
1,A1_3,0.191,0.052,0.093,0.063,0.026,0.012,0.039,0.056,0.048,0.131,0.043,0.024,0.03,0.091,0.066,0.035
1,B1_1,0.062,0.133,0.038,0.275,0.028,0.024,0.065,0.013,0.048,0.057,0.022,0.047,0.02,0.025,0.116,0.027
1,B1_2,0.153,0.043,0.09,0.068,0.041,0.02,0.053,0.048,0.083,0.065,0.072,0.061,0.026,0.101,0.063,0.014
1,B1_3,0.071,0.114,0.068,0.29,0.018,0.021,0.083,0.016,0.039,0.069,0.015,0.043,0.035,0.019,0.081,0.017
1,A2_1,0.068,0.029,0.205,0.146,0.052,0.021,0.066,0.063,0.038,0.07,0.047,0.04,0.074,0.03,0.031,0.019
1,A2_2,0.139,0.048,0.089,0.131,0.041,0.016,0.079,0.034,0.09,0.06,0.049,0.056,0.028,0.077,0.051,0.012
1,A2_3,0.082,0.065,0.084,0.214,0.029,0.03,0.095,0.027,0.065,0.071,0.027,0.057,0.046,0.032,0.063,0.013
1,B2_1,0.162,0.07,0.075,0.171,0.039,0.021,0.058,0.025,0.051,0.077,0.057,0.046,0.04,0.032,0.068,0.009
1,B2_2,0.088,0.033,0.192,0.075,0.027,0.017,0.077,0.032,0.07,0.098,0.069,0.065,0.059,0.054,0.032,0.011
1,B2_3,0.106,0.087,0.081,0.251,0.022,0.019,0.045,0.031,0.016,0.118,0.025,0.039,0.045,0.027,0.073,0.013
1,y1,0.231,0.052,0.099,0.063,0.043,0.011,0.04,0.019,0.064,0.045,0.107,0.046,0.029,0.099,0.044,0.008
1,y2,0.095,0.048,0.113,0.137,0.029,0.025,0.089,0.031,0.07,0.115,0.04,0.038,0.077,0.021,0.053,0.019
1,y3,0.063,0.106,0.096,0.196,0.037,0.022,0.056,0.029,0.065,0.028,0.036,0.067,0.02,0.065,0.083,0.03
2,.,0.119,0.061,0.044,0.053,0.061,0.031,0.04,0.04,0.094,0.031,0.051,0.055,0.012,0.136,0.127,0.044
2,A1_1,0.108,0.074,0.031,0.171,0.031,0.059,0.078,0.025,0.103,0.067,0.024,0.029,0.049,0.014,0.118,0.019
2,A1_2,0.066,0.095,0.099,0.111,0.039,0.038,0.057,0.019,0.076,0.024,0.06,0.116,0.027,0.065,0.089,0.019
2,A1_3,0.206,0.05,0.089,0.058,0.027,0.011,0.037,0.058,0.047,0.126,0.041,0.022,0.028,0.097,0.066,0.037
2,B1_1,0.068,0.128,0.038,0.258,0.031,0.025,0.065,0.014,0.049,0.058,0.023,0.047,0.02,0.026,0.12,0.03
2,B1_2,0.171,0.041,0.083,0.061,0.042,0.02,0.049,0.052,0.08,0.06,0.069,0.058,0.024,0.109,0.066,0.015
2,B1_3,0.077,0.116,0.064,0.281,0.018,0.022,0.084,0.016,0.039,0.067,0.014,0.042,0.036,0.019,0.085,0.019
2,A2_1,0.074,0.027,0.203,0.132,0.057,0.022,0.063,0.069,0.037,0.069,0.049,0.04,0.074,0.033,0.031,0.021
2,A2_2,0.159,0.048,0.08,0.12,0.041,0.017,0.076,0.034,0.091,0.058,0.048,0.053,0.027,0.083,0.053,0.012
2,A2_3,0.089,0.066,0.078,0.209,0.029,0.031,0.096,0.027,0.066,0.068,0.026,0.057,0.045,0.032,0.066,0.014
2,B2_1,0.177,0.068,0.072,0.158,0.04,0.022,0.056,0.027,0.05,0.072,0.058,0.047,0.04,0.034,0.07,0.009
2,B2_2,0.1,0.032,0.185,0.069,0.027,0.017,0.076,0.032,0.07,0.097,0.07,0.064,0.059,0.057,0.033,0.012
2,B2_3,0.115,0.087,0.079,0.242,0.023,0.019,0.044,0.032,0.016,0.117,0.025,0.039,0.045,0.028,0.075,0.014
2,y1,0.25,0.049,0.095,0.056,0.043,0.011,0.038,0.019,0.061,0.044,0.107,0.044,0.029,0.102,0.044,0.008
2,y2,0.106,0.048,0.108,0.128,0.029,0.025,0.086,0.031,0.068,0.117,0.041,0.037,0.076,0.022,0.055,0.021
2,y3,0.064,0.108,0.089,0.192,0.039,0.023,0.055,0.03,0.065,0.027,0.035,0.066,0.019,0.067,0.088,0.034
3,.,0.122,0.06,0.044,0.051,0.061,0.031,0.04,0.04,0.093,0.031,0.05,0.054,0.012,0.139,0.127,0.045
3,A1_1,0.116,0.073,0.03,0.163,0.032,0.059,0.076,0.026,0.103,0.066,0.024,0.029,0.048,0.015,0.121,0.02
3,A1_2,0.07,0.092,0.098,0.106,0.041,0.039,0.058,0.02,0.075,0.024,0.06,0.114,0.027,0.066,0.09,0.02
3,A1_3,0.22,0.048,0.085,0.053,0.027,0.011,0.035,0.06,0.045,0.121,0.04,0.021,0.027,0.103,0.066,0.04
3,B1_1,0.074,0.122,0.038,0.241,0.034,0.027,0.065,0.015,0.05,0.059,0.024,0.046,0.021,0.028,0.123,0.033
3,B1_2,0.19,0.04,0.076,0.055,0.042,0.02,0.045,0.055,0.076,0.056,0.066,0.055,0.022,0.117,0.069,0.015
3,B1_3,0.083,0.116,0.061,0.273,0.019,0.023,0.085,0.016,0.04,0.066,0.014,0.041,0.037,0.019,0.088,0.021
3,A2_1,0.079,0.025,0.201,0.118,0.062,0.023,0.06,0.076,0.036,0.066,0.052,0.039,0.074,0.035,0.031,0.022
3,A2_2,0.18,0.047,0.073,0.111,0.041,0.017,0.072,0.035,0.09,0.056,0.046,0.05,0.026,0.089,0.055,0.013
3,A2_3,0.095,0.066,0.074,0.204,0.03,0.033,0.096,0.027,0.067,0.065,0.026,0.057,0.044,0.032,0.069,0.014
3,B2_1,0.192,0.065,0.07,0.145,0.042,0.023,0.053,0.028,0.049,0.068,0.06,0.048,0.04,0.035,0.071,0.009
3,B2_2,0.112,0.032,0.181,0.064,0.027,0.016,0.073,0.033,0.069,0.097,0.07,0.063,0.058,0.06,0.033,0.012
3,B2_3,0.124,0.086,0.077,0.233,0.024,0.02,0.044,0.033,0.015,0.115,0.025,0.038,0.045,0.029,0.077,0.015
3,y1,0.269,0.046,0.091,0.051,0.044,0.011,0.036,0.019,0.058,0.042,0.108,0.042,0.028,0.105,0.043,0.009
3,y2,0.117,0.048,0.105,0.12,0.029,0.025,0.084,0.031,0.067,0.119,0.041,0.036,0.076,0.023,0.057,0.022
3,y3,0.064,0.108,0.085,0.186,0.041,0.024,0.053,0.031,0.066,0.026,0.035,0.064,0.018,0.069,0.091,0.039
4,.,0.125,0.059,0.043,0.05,0.061,0.031,0.039,0.041,0.092,0.031,0.05,0.053,0.012,0.141,0.126,0.046
4,A1_1,0.123,0.072,0.03,0.155,0.032,0.059,0.075,0.027,0.102,0.065,0.024,0.028,0.047,0.016,0.123,0.021
4,A1_2,0.074,0.091,0.097,0.102,0.042,0.04,0.058,0.02,0.074,0.025,0.06,0.113,0.028,0.067,0.09,0.021
4,A1_3,0.231,0.046,0.082,0.05,0.027,0.011,0.033,0.06,0.043,0.117,0.039,0.02,0.026,0.108,0.066,0.042
4,B1_1,0.079,0.116,0.038,0.227,0.038,0.028,0.065,0.016,0.05,0.06,0.025,0.046,0.022,0.03,0.125,0.036
4,B1_2,0.207,0.039,0.071,0.05,0.043,0.02,0.041,0.058,0.072,0.053,0.063,0.052,0.021,0.124,0.071,0.016
4,B1_3,0.088,0.116,0.059,0.265,0.019,0.024,0.086,0.015,0.04,0.065,0.013,0.039,0.037,0.019,0.091,0.022
4,A2_1,0.084,0.023,0.198,0.107,0.067,0.024,0.056,0.082,0.034,0.065,0.055,0.039,0.073,0.038,0.031,0.024
4,A2_2,0.2,0.047,0.066,0.103,0.041,0.017,0.069,0.035,0.089,0.055,0.044,0.047,0.024,0.094,0.057,0.013
4,A2_3,0.1,0.068,0.07,0.202,0.03,0.034,0.096,0.027,0.067,0.062,0.025,0.057,0.044,0.032,0.072,0.015
4,B2_1,0.205,0.064,0.069,0.136,0.043,0.023,0.051,0.029,0.047,0.066,0.062,0.048,0.039,0.036,0.072,0.009
4,B2_2,0.124,0.032,0.175,0.061,0.026,0.016,0.072,0.032,0.068,0.096,0.07,0.062,0.057,0.063,0.034,0.013
4,B2_3,0.131,0.085,0.076,0.227,0.024,0.02,0.043,0.034,0.015,0.114,0.025,0.038,0.045,0.029,0.078,0.016
4,y1,0.284,0.044,0.088,0.046,0.044,0.011,0.034,0.019,0.055,0.042,0.108,0.04,0.028,0.107,0.042,0.009
4,y2,0.127,0.049,0.101,0.115,0.029,0.025,0.082,0.031,0.065,0.12,0.04,0.035,0.075,0.024,0.059,0.023
4,y3,0.064,0.108,0.082,0.181,0.044,0.025,0.052,0.031,0.065,0.025,0.035,0.063,0.018,0.07,0.094,0.043
5,.,0.127,0.058,0.043,0.048,0.061,0.031,0.039,0.041,0.091,0.03,0.05,0.053,0.012,0.143,0.125,0.047
5,A1_1,0.13,0.071,0.029,0.148,0.033,0.059,0.074,0.028,0.102,0.063,0.024,0.028,0.046,0.017,0.125,0.022
5,A1_2,0.078,0.088,0.096,0.098,0.043,0.04,0.058,0.02,0.073,0.025,0.06,0.111,0.029,0.068,0.091,0.021
5,A1_3,0.242,0.044,0.079,0.047,0.027,0.01,0.032,0.061,0.041,0.114,0.037,0.019,0.025,0.112,0.065,0.044
5,B1_1,0.084,0.111,0.038,0.213,0.041,0.03,0.065,0.017,0.05,0.061,0.026,0.045,0.023,0.032,0.126,0.039
5,B1_2,0.223,0.037,0.065,0.046,0.043,0.02,0.038,0.06,0.069,0.05,0.06,0.049,0.019,0.13,0.073,0.017
5,B1_3,0.093,0.116,0.057,0.258,0.02,0.025,0.086,0.015,0.04,0.064,0.013,0.038,0.039,0.019,0.092,0.024
5,A2_1,0.088,0.021,0.196,0.097,0.072,0.024,0.053,0.088,0.033,0.064,0.058,0.038,0.073,0.04,0.031,0.025
5,A2_2,0.219,0.047,0.06,0.098,0.04,0.017,0.065,0.034,0.087,0.054,0.042,0.043,0.023,0.097,0.059,0.014
5,A2_3,0.103,0.068,0.066,0.2,0.03,0.036,0.096,0.026,0.067,0.06,0.024,0.057,0.044,0.032,0.074,0.015
5,B2_1,0.217,0.062,0.067,0.128,0.044,0.024,0.049,0.03,0.046,0.063,0.063,0.049,0.039,0.037,0.073,0.009
5,B2_2,0.135,0.032,0.171,0.058,0.025,0.016,0.07,0.032,0.067,0.096,0.069,0.06,0.057,0.065,0.034,0.013
5,B2_3,0.138,0.084,0.075,0.221,0.025,0.02,0.043,0.034,0.015,0.114,0.025,0.037,0.045,0.03,0.079,0.017
5,y1,0.298,0.042,0.085,0.043,0.044,0.011,0.032,0.019,0.053,0.041,0.108,0.039,0.027,0.109,0.041,0.009
5,y2,0.136,0.049,0.097,0.111,0.029,0.024,0.08,0.031,0.063,0.121,0.04,0.033,0.074,0.025,0.061,0.024
5,y3,0.064,0.107,0.08,0.175,0.046,0.025,0.051,0.032,0.065,0.025,0.035,0.061,0.018,0.072,0.096,0.048
6,.,0.13,0.057,0.042,0.047,0.062,0.031,0.039,0.042,0.091,0.03,0.049,0.052,0.012,0.144,0.124,0.047
6,A1_1,0.136,0.07,0.029,0.142,0.034,0.059,0.073,0.028,0.101,0.063,0.024,0.028,0.046,0.018,0.126,0.023
6,A1_2,0.081,0.086,0.095,0.095,0.044,0.041,0.059,0.021,0.072,0.026,0.06,0.11,0.029,0.068,0.091,0.022
6,A1_3,0.252,0.042,0.076,0.044,0.027,0.01,0.031,0.061,0.04,0.111,0.037,0.018,0.024,0.115,0.065,0.046
6,B1_1,0.089,0.105,0.038,0.202,0.044,0.031,0.065,0.018,0.05,0.062,0.027,0.045,0.023,0.034,0.127,0.041
6,B1_2,0.237,0.036,0.061,0.043,0.043,0.02,0.036,0.062,0.065,0.047,0.058,0.047,0.018,0.134,0.075,0.017
6,B1_3,0.098,0.113,0.056,0.25,0.021,0.026,0.087,0.015,0.041,0.064,0.013,0.037,0.04,0.02,0.092,0.025
6,A2_1,0.092,0.02,0.193,0.089,0.077,0.024,0.05,0.094,0.031,0.063,0.06,0.037,0.071,0.042,0.031,0.026
6,A2_2,0.237,0.046,0.055,0.093,0.04,0.017,0.062,0.034,0.086,0.052,0.04,0.041,0.022,0.1,0.061,0.014
6,A2_3,0.107,0.068,0.064,0.196,0.031,0.038,0.097,0.026,0.067,0.058,0.024,0.058,0.043,0.032,0.076,0.016
6,B2_1,0.228,0.06,0.065,0.121,0.045,0.025,0.047,0.031,0.045,0.061,0.064,0.049,0.038,0.038,0.074,0.009
6,B2_2,0.145,0.032,0.167,0.056,0.025,0.016,0.069,0.032,0.067,0.095,0.068,0.059,0.056,0.066,0.035,0.013
6,B2_3,0.144,0.081,0.074,0.215,0.025,0.02,0.043,0.035,0.015,0.114,0.025,0.037,0.046,0.03,0.078,0.018
6,y1,0.311,0.04,0.082,0.04,0.044,0.01,0.031,0.02,0.051,0.04,0.107,0.038,0.026,0.11,0.041,0.009
6,y2,0.144,0.049,0.095,0.108,0.029,0.024,0.078,0.031,0.062,0.122,0.039,0.032,0.074,0.026,0.061,0.025
6,y3,0.065,0.104,0.079,0.168,0.049,0.026,0.051,0.033,0.065,0.025,0.036,0.061,0.018,0.073,0.096,0.051
7,.,0.132,0.056,0.042,0.046,0.062,0.031,0.038,0.042,0.09,0.031,0.049,0.052,0.012,0.145,0.123,0.048
7,A1_1,0.143,0.069,0.029,0.136,0.035,0.059,0.072,0.029,0.101,0.062,0.024,0.027,0.045,0.019,0.127,0.024
7,A1_2,0.084,0.085,0.094,0.092,0.045,0.042,0.059,0.021,0.072,0.026,0.059,0.109,0.03,0.068,0.091,0.023
7,A1_3,0.26,0.041,0.074,0.042,0.028,0.01,0.029,0.062,0.039,0.109,0.036,0.017,0.023,0.118,0.065,0.048
7,B1_1,0.093,0.101,0.038,0.191,0.048,0.032,0.064,0.02,0.051,0.063,0.027,0.044,0.024,0.035,0.127,0.044
7,B1_2,0.25,0.035,0.057,0.04,0.043,0.02,0.034,0.064,0.062,0.046,0.056,0.044,0.017,0.137,0.077,0.018
7,B1_3,0.102,0.111,0.056,0.242,0.022,0.027,0.088,0.016,0.041,0.065,0.013,0.036,0.042,0.02,0.093,0.027
7,A2_1,0.095,0.018,0.191,0.081,0.081,0.024,0.048,0.1,0.03,0.062,0.062,0.036,0.07,0.044,0.03,0.027
7,A2_2,0.253,0.046,0.05,0.089,0.039,0.017,0.06,0.034,0.084,0.051,0.038,0.038,0.021,0.101,0.063,0.015
7,A2_3,0.11,0.067,0.063,0.191,0.031,0.039,0.097,0.026,0.067,0.056,0.024,0.058,0.043,0.032,0.077,0.017
7,B2_1,0.238,0.059,0.063,0.115,0.045,0.025,0.046,0.031,0.044,0.059,0.065,0.049,0.038,0.038,0.075,0.009
7,B2_2,0.154,0.032,0.165,0.054,0.025,0.015,0.068,0.032,0.065,0.094,0.068,0.057,0.055,0.067,0.035,0.014
7,B2_3,0.15,0.079,0.074,0.207,0.026,0.021,0.042,0.036,0.015,0.114,0.025,0.037,0.046,0.031,0.078,0.019
7,y1,0.322,0.039,0.08,0.038,0.044,0.01,0.03,0.02,0.049,0.04,0.107,0.037,0.026,0.11,0.041,0.009
7,y2,0.152,0.048,0.092,0.103,0.03,0.024,0.077,0.03,0.061,0.123,0.039,0.031,0.073,0.026,0.062,0.027
7,y3,0.065,0.101,0.078,0.162,0.052,0.027,0.05,0.035,0.065,0.025,0.036,0.06,0.018,0.075,0.097,0.055
8,.,0.134,0.056,0.042,0.045,0.061,0.031,0.038,0.043,0.09,0.03,0.049,0.052,0.012,0.146,0.123,0.049
8,A1_1,0.148,0.068,0.029,0.131,0.035,0.059,0.071,0.03,0.101,0.062,0.024,0.027,0.044,0.019,0.128,0.024
8,A1_2,0.087,0.084,0.092,0.09,0.045,0.043,0.06,0.022,0.072,0.026,0.058,0.108,0.03,0.068,0.091,0.023
8,A1_3,0.268,0.04,0.072,0.04,0.027,0.009,0.029,0.062,0.037,0.108,0.035,0.016,0.022,0.121,0.064,0.049
8,B1_1,0.096,0.097,0.038,0.183,0.05,0.033,0.064,0.021,0.051,0.063,0.028,0.044,0.024,0.036,0.127,0.045
8,B1_2,0.262,0.035,0.054,0.038,0.042,0.019,0.032,0.064,0.061,0.044,0.054,0.043,0.016,0.14,0.078,0.018
8,B1_3,0.106,0.109,0.056,0.236,0.023,0.027,0.089,0.016,0.041,0.065,0.013,0.035,0.043,0.02,0.093,0.029
8,A2_1,0.099,0.018,0.187,0.076,0.083,0.025,0.046,0.104,0.029,0.061,0.064,0.036,0.069,0.046,0.031,0.028
8,A2_2,0.267,0.046,0.047,0.086,0.038,0.017,0.058,0.034,0.083,0.051,0.037,0.036,0.021,0.102,0.064,0.016
8,A2_3,0.112,0.067,0.062,0.188,0.032,0.04,0.097,0.026,0.067,0.055,0.024,0.059,0.044,0.032,0.078,0.017
8,B2_1,0.249,0.058,0.061,0.11,0.044,0.025,0.045,0.032,0.044,0.058,0.065,0.049,0.037,0.039,0.076,0.009
8,B2_2,0.163,0.031,0.162,0.053,0.024,0.015,0.067,0.031,0.064,0.094,0.067,0.056,0.055,0.067,0.035,0.014
8,B2_3,0.156,0.077,0.073,0.201,0.027,0.021,0.042,0.037,0.014,0.115,0.025,0.036,0.047,0.031,0.078,0.019
8,y1,0.332,0.038,0.078,0.036,0.044,0.01,0.029,0.02,0.048,0.039,0.106,0.036,0.025,0.11,0.04,0.009
8,y2,0.159,0.048,0.09,0.1,0.03,0.024,0.075,0.03,0.059,0.125,0.039,0.03,0.073,0.027,0.062,0.028
8,y3,0.065,0.1,0.076,0.157,0.054,0.027,0.049,0.036,0.065,0.025,0.037,0.06,0.017,0.076,0.098,0.058
9,.,0.135,0.056,0.042,0.045,0.061,0.031,0.038,0.043,0.09,0.03,0.049,0.052,0.012,0.146,0.123,0.049
9,A1_1,0.152,0.068,0.028,0.128,0.036,0.059,0.07,0.03,0.101,0.061,0.024,0.027,0.043,0.02,0.129,0.025
9,A1_2,0.089,0.083,0.091,0.089,0.045,0.043,0.06,0.022,0.071,0.027,0.058,0.108,0.03,0.068,0.091,0.023
9,A1_3,0.275,0.039,0.07,0.039,0.027,0.009,0.028,0.061,0.037,0.105,0.034,0.016,0.022,0.123,0.064,0.05
9,B1_1,0.098,0.094,0.038,0.177,0.053,0.034,0.064,0.021,0.051,0.063,0.029,0.044,0.025,0.037,0.127,0.046
9,B1_2,0.273,0.034,0.052,0.037,0.041,0.019,0.031,0.064,0.059,0.042,0.052,0.042,0.015,0.143,0.078,0.018
9,B1_3,0.108,0.107,0.056,0.232,0.023,0.028,0.09,0.016,0.041,0.065,0.013,0.035,0.044,0.02,0.093,0.03
9,A2_1,0.102,0.017,0.184,0.073,0.085,0.025,0.044,0.106,0.029,0.059,0.065,0.036,0.068,0.047,0.031,0.028
9,A2_2,0.28,0.045,0.045,0.083,0.037,0.016,0.056,0.033,0.081,0.05,0.035,0.034,0.021,0.102,0.064,0.016
9,A2_3,0.113,0.066,0.061,0.185,0.033,0.042,0.097,0.026,0.066,0.054,0.024,0.059,0.044,0.032,0.08,0.018
9,B2_1,0.26,0.057,0.059,0.106,0.044,0.025,0.043,0.032,0.043,0.057,0.065,0.048,0.036,0.039,0.076,0.009
9,B2_2,0.171,0.031,0.159,0.053,0.024,0.015,0.066,0.031,0.063,0.094,0.066,0.055,0.055,0.068,0.035,0.014
9,B2_3,0.161,0.076,0.072,0.197,0.027,0.021,0.042,0.037,0.014,0.114,0.025,0.036,0.047,0.032,0.079,0.02
9,y1,0.34,0.038,0.075,0.035,0.043,0.01,0.028,0.02,0.047,0.038,0.105,0.036,0.025,0.11,0.04,0.009
9,y2,0.165,0.048,0.088,0.098,0.03,0.024,0.074,0.03,0.059,0.124,0.039,0.03,0.073,0.027,0.063,0.028
9,y3,0.065,0.099,0.076,0.154,0.055,0.028,0.049,0.036,0.064,0.024,0.037,0.06,0.018,0.076,0.099,0.059
10,.,0.136,0.056,0.042,0.044,0.061,0.031,0.038,0.043,0.089,0.03,0.048,0.051,0.012,0.146,0.123,0.05
10,A1_1,0.158,0.067,0.028,0.124,0.036,0.058,0.069,0.03,0.1,0.06,0.024,0.027,0.043,0.021,0.13,0.026
10,A1_2,0.092,0.083,0.091,0.087,0.046,0.044,0.061,0.022,0.07,0.027,0.058,0.106,0.031,0.068,0.091,0.024
10,A1_3,0.282,0.039,0.068,0.038,0.027,0.009,0.027,0.061,0.035,0.103,0.033,0.015,0.021,0.125,0.064,0.052
10,B1_1,0.101,0.091,0.038,0.17,0.055,0.035,0.064,0.022,0.05,0.063,0.029,0.044,0.025,0.038,0.127,0.048
10,B1_2,0.283,0.034,0.049,0.035,0.04,0.019,0.03,0.064,0.057,0.041,0.05,0.04,0.015,0.146,0.079,0.019
10,B1_3,0.111,0.106,0.056,0.226,0.024,0.028,0.09,0.016,0.041,0.065,0.013,0.034,0.046,0.02,0.093,0.031
10,A2_1,0.106,0.017,0.182,0.068,0.087,0.025,0.043,0.109,0.028,0.058,0.066,0.035,0.067,0.049,0.031,0.029
10,A2_2,0.293,0.045,0.042,0.08,0.036,0.016,0.054,0.033,0.079,0.049,0.034,0.032,0.02,0.102,0.065,0.016
10,A2_3,0.116,0.066,0.06,0.182,0.034,0.043,0.097,0.026,0.066,0.052,0.024,0.06,0.044,0.032,0.081,0.018
10,B2_1,0.271,0.057,0.057,0.101,0.043,0.025,0.042,0.032,0.042,0.056,0.065,0.048,0.035,0.04,0.077,0.009
10,B2_2,0.179,0.032,0.156,0.052,0.024,0.015,0.066,0.03,0.061,0.093,0.065,0.054,0.055,0.068,0.036,0.015
10,B2_3,0.167,0.074,0.072,0.192,0.027,0.021,0.041,0.038,0.014,0.114,0.026,0.036,0.047,0.032,0.079,0.02
10,y1,0.348,0.037,0.074,0.034,0.043,0.01,0.027,0.02,0.045,0.038,0.105,0.035,0.025,0.11,0.04,0.009
10,y2,0.172,0.048,0.085,0.096,0.03,0.024,0.073,0.03,0.057,0.123,0.038,0.03,0.072,0.028,0.065,0.029
10,y3,0.066,0.097,0.076,0.149,0.058,0.028,0.049,0.037,0.064,0.025,0.038,0.059,0.018,0.078,0.098,0.062
11,.,0.137,0.056,0.041,0.044,0.06,0.031,0.038,0.043,0.089,0.03,0.048,0.051,0.012,0.147,0.123,0.051
11,A1_1,0.162,0.067,0.028,0.12,0.036,0.058,0.068,0.031,0.099,0.059,0.024,0.027,0.042,0.022,0.131,0.026
11,A1_2,0.095,0.081,0.091,0.085,0.046,0.044,0.061,0.023,0.07,0.027,0.057,0.105,0.032,0.069,0.09,0.025
11,A1_3,0.287,0.038,0.067,0.037,0.027,0.009,0.026,0.061,0.035,0.1,0.032,0.015,0.021,0.127,0.064,0.054
11,B1_1,0.103,0.087,0.038,0.163,0.058,0.036,0.063,0.024,0.05,0.064,0.03,0.043,0.026,0.039,0.126,0.05
11,B1_2,0.292,0.034,0.047,0.034,0.04,0.019,0.029,0.064,0.055,0.039,0.048,0.039,0.014,0.149,0.08,0.019
11,B1_3,0.114,0.104,0.056,0.22,0.025,0.029,0.09,0.017,0.041,0.066,0.014,0.033,0.047,0.02,0.092,0.033
11,A2_1,0.108,0.016,0.18,0.064,0.089,0.025,0.041,0.112,0.027,0.057,0.067,0.034,0.065,0.051,0.03,0.03
11,A2_2,0.305,0.045,0.04,0.078,0.036,0.016,0.053,0.032,0.078,0.048,0.032,0.03,0.02,0.103,0.066,0.017
11,A2_3,0.117,0.065,0.059,0.178,0.035,0.045,0.097,0.027,0.066,0.051,0.024,0.06,0.044,0.032,0.082,0.019
11,B2_1,0.281,0.057,0.055,0.098,0.042,0.025,0.041,0.032,0.041,0.054,0.064,0.047,0.034,0.041,0.078,0.009
11,B2_2,0.185,0.032,0.155,0.052,0.023,0.015,0.065,0.03,0.059,0.092,0.064,0.053,0.056,0.067,0.035,0.015
11,B2_3,0.173,0.072,0.072,0.185,0.028,0.021,0.04,0.039,0.014,0.114,0.026,0.036,0.047,0.033,0.078,0.021
11,y1,0.355,0.037,0.072,0.033,0.043,0.01,0.027,0.02,0.044,0.038,0.104,0.034,0.025,0.111,0.04,0.01
11,y2,0.178,0.048,0.083,0.095,0.03,0.024,0.072,0.03,0.056,0.122,0.038,0.029,0.071,0.028,0.066,0.03
11,y3,0.066,0.094,0.075,0.144,0.06,0.029,0.048,0.038,0.063,0.025,0.038,0.058,0.018,0.079,0.099,0.065
12,.,0.138,0.056,0.041,0.043,0.06,0.031,0.038,0.043,0.088,0.03,0.047,0.051,0.012,0.147,0.122,0.051
12,A1_1,0.166,0.066,0.027,0.117,0.036,0.058,0.068,0.031,0.099,0.058,0.024,0.026,0.041,0.022,0.133,0.027
12,A1_2,0.098,0.08,0.09,0.083,0.047,0.045,0.062,0.023,0.069,0.028,0.056,0.104,0.032,0.069,0.09,0.025
12,A1_3,0.292,0.038,0.066,0.036,0.027,0.009,0.026,0.06,0.034,0.098,0.031,0.015,0.02,0.13,0.064,0.055
12,B1_1,0.106,0.085,0.037,0.157,0.06,0.037,0.063,0.024,0.05,0.064,0.03,0.043,0.026,0.039,0.127,0.051
12,B1_2,0.301,0.033,0.045,0.032,0.039,0.018,0.027,0.064,0.054,0.038,0.047,0.038,0.014,0.151,0.081,0.019
12,B1_3,0.117,0.103,0.055,0.214,0.026,0.03,0.091,0.017,0.041,0.065,0.014,0.032,0.049,0.02,0.093,0.035
12,A2_1,0.111,0.016,0.178,0.061,0.091,0.025,0.04,0.116,0.027,0.056,0.068,0.034,0.064,0.053,0.03,0.031
12,A2_2,0.316,0.045,0.038,0.076,0.035,0.016,0.051,0.032,0.077,0.047,0.031,0.029,0.019,0.103,0.067,0.018
12,A2_3,0.117,0.065,0.058,0.174,0.036,0.047,0.098,0.027,0.065,0.05,0.024,0.062,0.044,0.032,0.083,0.02
12,B2_1,0.292,0.056,0.053,0.094,0.042,0.025,0.039,0.032,0.04,0.053,0.063,0.047,0.033,0.041,0.079,0.009
12,B2_2,0.192,0.032,0.153,0.052,0.023,0.015,0.065,0.03,0.058,0.092,0.062,0.052,0.056,0.067,0.035,0.016
12,B2_3,0.178,0.071,0.072,0.181,0.028,0.022,0.04,0.039,0.013,0.113,0.027,0.036,0.047,0.033,0.078,0.022
12,y1,0.361,0.036,0.071,0.032,0.042,0.01,0.026,0.02,0.043,0.038,0.103,0.034,0.024,0.111,0.04,0.01
12,y2,0.181,0.048,0.081,0.093,0.03,0.024,0.072,0.029,0.056,0.121,0.038,0.029,0.07,0.029,0.067,0.031
12,y3,0.066,0.092,0.075,0.14,0.062,0.03,0.048,0.039,0.063,0.024,0.038,0.059,0.018,0.08,0.099,0.067
13,.,0.139,0.055,0.041,0.042,0.06,0.031,0.038,0.043,0.088,0.03,0.047,0.051,0.012,0.148,0.122,0.052
13,A1_1,0.171,0.066,0.027,0.112,0.037,0.058,0.067,0.032,0.099,0.057,0.024,0.026,0.04,0.023,0.134,0.028
13,A1_2,0.1,0.08,0.088,0.082,0.047,0.045,0.062,0.023,0.069,0.028,0.056,0.103,0.032,0.069,0.091,0.026
13,A1_3,0.296,0.037,0.065,0.035,0.027,0.008,0.025,0.061,0.033,0.097,0.031,0.014,0.02,0.131,0.063,0.058
13,B1_1,0.108,0.082,0.037,0.15,0.063,0.038,0.062,0.025,0.05,0.064,0.031,0.043,0.026,0.041,0.127,0.052
13,B1_2,0.308,0.033,0.043,0.031,0.039,0.018,0.027,0.064,0.052,0.037,0.045,0.036,0.013,0.152,0.082,0.02
13,B1_3,0.121,0.1,0.056,0.205,0.027,0.03,0.091,0.017,0.041,0.066,0.014,0.031,0.051,0.02,0.092,0.037
13,A2_1,0.115,0.015,0.174,0.057,0.093,0.025,0.038,0.119,0.026,0.056,0.069,0.033,0.063,0.055,0.03,0.032
13,A2_2,0.325,0.045,0.036,0.074,0.034,0.016,0.05,0.031,0.075,0.048,0.03,0.027,0.019,0.102,0.069,0.019
13,A2_3,0.118,0.063,0.058,0.167,0.038,0.048,0.097,0.027,0.065,0.05,0.025,0.062,0.044,0.032,0.084,0.021
13,B2_1,0.303,0.056,0.051,0.09,0.041,0.025,0.038,0.033,0.039,0.052,0.062,0.046,0.032,0.042,0.081,0.01
13,B2_2,0.196,0.031,0.152,0.052,0.023,0.015,0.065,0.029,0.056,0.093,0.062,0.051,0.057,0.066,0.035,0.016
13,B2_3,0.185,0.068,0.072,0.171,0.029,0.022,0.038,0.041,0.013,0.115,0.028,0.036,0.048,0.034,0.078,0.023
13,y1,0.367,0.036,0.069,0.031,0.042,0.01,0.025,0.02,0.041,0.038,0.103,0.032,0.024,0.111,0.04,0.01
13,y2,0.187,0.047,0.079,0.088,0.031,0.024,0.07,0.029,0.055,0.123,0.039,0.029,0.069,0.03,0.068,0.032
13,y3,0.065,0.091,0.071,0.136,0.065,0.031,0.046,0.041,0.062,0.024,0.038,0.058,0.017,0.081,0.102,0.071
14,.,0.139,0.055,0.041,0.042,0.06,0.032,0.038,0.044,0.088,0.03,0.047,0.051,0.012,0.147,0.122,0.053
14,A1_1,0.174,0.065,0.027,0.109,0.037,0.058,0.066,0.032,0.098,0.057,0.024,0.026,0.04,0.024,0.134,0.028
14,A1_2,0.102,0.079,0.087,0.08,0.047,0.046,0.062,0.023,0.069,0.029,0.055,0.102,0.033,0.068,0.091,0.026
14,A1_3,0.301,0.036,0.064,0.034,0.027,0.008,0.025,0.06,0.032,0.095,0.03,0.014,0.019,0.133,0.063,0.059
14,B1_1,0.109,0.079,0.037,0.145,0.066,0.039,0.061,0.026,0.05,0.064,0.032,0.043,0.027,0.041,0.127,0.053
14,B1_2,0.315,0.033,0.041,0.03,0.038,0.018,0.026,0.064,0.051,0.036,0.044,0.035,0.012,0.154,0.083,0.02
14,B1_3,0.122,0.098,0.056,0.201,0.028,0.031,0.091,0.017,0.042,0.067,0.014,0.031,0.052,0.02,0.092,0.038
14,A2_1,0.117,0.015,0.171,0.054,0.095,0.024,0.036,0.123,0.025,0.055,0.07,0.032,0.062,0.057,0.03,0.033
14,A2_2,0.334,0.046,0.034,0.073,0.034,0.016,0.049,0.03,0.074,0.047,0.029,0.026,0.019,0.102,0.07,0.019
14,A2_3,0.118,0.062,0.057,0.162,0.039,0.05,0.097,0.028,0.065,0.049,0.025,0.064,0.045,0.032,0.085,0.021
14,B2_1,0.314,0.056,0.048,0.087,0.04,0.025,0.036,0.033,0.038,0.051,0.06,0.045,0.031,0.042,0.082,0.01
14,B2_2,0.201,0.031,0.152,0.052,0.024,0.015,0.066,0.028,0.054,0.093,0.061,0.049,0.059,0.065,0.034,0.017
14,B2_3,0.191,0.066,0.072,0.164,0.03,0.022,0.037,0.043,0.013,0.116,0.029,0.036,0.048,0.035,0.077,0.023
14,y1,0.372,0.036,0.067,0.031,0.042,0.01,0.025,0.02,0.041,0.039,0.102,0.031,0.024,0.11,0.04,0.011
14,y2,0.191,0.046,0.078,0.085,0.032,0.024,0.07,0.029,0.054,0.122,0.04,0.029,0.068,0.03,0.068,0.033
14,y3,0.064,0.09,0.069,0.133,0.067,0.032,0.045,0.042,0.062,0.024,0.038,0.057,0.017,0.082,0.104,0.074
15,.,0.139,0.056,0.041,0.042,0.059,0.032,0.038,0.044,0.088,0.03,0.047,0.051,0.012,0.147,0.122,0.053
15,A1_1,0.176,0.065,0.027,0.107,0.037,0.058,0.066,0.032,0.098,0.056,0.024,0.026,0.039,0.025,0.135,0.029
15,A1_2,0.104,0.079,0.086,0.079,0.047,0.047,0.063,0.023,0.069,0.029,0.055,0.102,0.033,0.068,0.091,0.027
15,A1_3,0.305,0.036,0.063,0.033,0.027,0.008,0.024,0.06,0.031,0.093,0.03,0.013,0.019,0.135,0.062,0.061
15,B1_1,0.11,0.078,0.037,0.142,0.068,0.04,0.06,0.027,0.05,0.064,0.033,0.043,0.027,0.041,0.127,0.054
15,B1_2,0.321,0.032,0.04,0.029,0.038,0.018,0.025,0.064,0.05,0.034,0.042,0.034,0.012,0.157,0.083,0.021
15,B1_3,0.123,0.098,0.055,0.198,0.028,0.032,0.091,0.017,0.042,0.066,0.014,0.031,0.053,0.02,0.092,0.039
15,A2_1,0.12,0.014,0.17,0.052,0.096,0.024,0.035,0.124,0.025,0.054,0.071,0.032,0.061,0.059,0.03,0.033
15,A2_2,0.344,0.045,0.033,0.071,0.033,0.016,0.048,0.03,0.072,0.046,0.028,0.025,0.018,0.102,0.07,0.02
15,A2_3,0.117,0.061,0.056,0.16,0.04,0.052,0.097,0.028,0.065,0.048,0.025,0.065,0.045,0.032,0.086,0.022
15,B2_1,0.325,0.056,0.047,0.084,0.039,0.025,0.035,0.033,0.037,0.049,0.059,0.045,0.03,0.043,0.084,0.01
15,B2_2,0.206,0.031,0.15,0.053,0.023,0.015,0.066,0.028,0.053,0.092,0.059,0.048,0.06,0.064,0.035,0.017
15,B2_3,0.196,0.065,0.072,0.16,0.03,0.022,0.037,0.043,0.012,0.116,0.029,0.036,0.048,0.035,0.077,0.023
15,y1,0.376,0.036,0.066,0.03,0.042,0.01,0.025,0.02,0.04,0.038,0.101,0.031,0.024,0.111,0.04,0.011
15,y2,0.194,0.047,0.076,0.085,0.032,0.024,0.069,0.029,0.054,0.12,0.039,0.029,0.068,0.031,0.07,0.034
15,y3,0.064,0.089,0.068,0.129,0.068,0.032,0.045,0.043,0.061,0.024,0.038,0.058,0.017,0.083,0.105,0.075
16,.,0.14,0.056,0.041,0.042,0.059,0.032,0.038,0.044,0.088,0.03,0.047,0.051,0.012,0.146,0.122,0.054
16,A1_1,0.18,0.064,0.027,0.104,0.037,0.057,0.065,0.033,0.097,0.056,0.024,0.026,0.039,0.025,0.136,0.03
16,A1_2,0.106,0.079,0.085,0.078,0.047,0.047,0.063,0.023,0.069,0.029,0.054,0.101,0.033,0.068,0.092,0.027
16,A1_3,0.308,0.035,0.062,0.032,0.027,0.008,0.024,0.06,0.03,0.092,0.029,0.013,0.019,0.137,0.062,0.063
16,B1_1,0.111,0.077,0.036,0.137,0.069,0.04,0.06,0.027,0.05,0.064,0.033,0.043,0.027,0.042,0.127,0.055
16,B1_2,0.326,0.032,0.038,0.028,0.037,0.018,0.024,0.064,0.049,0.034,0.041,0.033,0.012,0.158,0.084,0.021
16,B1_3,0.126,0.097,0.055,0.191,0.029,0.032,0.091,0.018,0.042,0.067,0.014,0.031,0.054,0.021,0.092,0.041
16,A2_1,0.124,0.014,0.167,0.049,0.097,0.024,0.034,0.125,0.024,0.055,0.071,0.031,0.06,0.061,0.03,0.035
16,A2_2,0.35,0.045,0.031,0.069,0.033,0.016,0.046,0.029,0.071,0.046,0.027,0.023,0.018,0.102,0.071,0.021
16,A2_3,0.117,0.06,0.056,0.154,0.042,0.054,0.096,0.028,0.065,0.048,0.026,0.066,0.045,0.032,0.087,0.023
16,B2_1,0.337,0.056,0.044,0.08,0.037,0.025,0.034,0.033,0.036,0.049,0.058,0.044,0.029,0.044,0.085,0.01
16,B2_2,0.21,0.031,0.15,0.052,0.024,0.015,0.066,0.027,0.051,0.093,0.058,0.047,0.062,0.063,0.034,0.018
16,B2_3,0.202,0.062,0.072,0.152,0.031,0.021,0.036,0.045,0.012,0.117,0.031,0.036,0.048,0.036,0.076,0.024
16,y1,0.38,0.036,0.064,0.03,0.042,0.01,0.024,0.019,0.039,0.039,0.101,0.029,0.024,0.112,0.04,0.012
16,y2,0.198,0.046,0.074,0.081,0.033,0.024,0.068,0.029,0.053,0.12,0.04,0.029,0.067,0.032,0.071,0.035
16,y3,0.064,0.089,0.066,0.125,0.069,0.033,0.044,0.044,0.061,0.024,0.038,0.057,0.017,0.084,0.107,0.079
17,.,0.14,0.056,0.041,0.042,0.058,0.032,0.038,0.044,0.088,0.03,0.046,0.051,0.012,0.146,0.122,0.055
17,A1_1,0.183,0.064,0.027,0.102,0.037,0.057,0.065,0.033,0.097,0.055,0.024,0.026,0.038,0.026,0.136,0.03
17,A1_2,0.108,0.079,0.084,0.077,0.047,0.047,0.063,0.024,0.068,0.029,0.054,0.101,0.033,0.068,0.091,0.027
17,A1_3,0.311,0.034,0.061,0.032,0.026,0.008,0.023,0.059,0.03,0.09,0.029,0.013,0.018,0.139,0.062,0.064
17,B1_1,0.112,0.075,0.036,0.134,0.071,0.041,0.059,0.028,0.05,0.064,0.034,0.043,0.028,0.043,0.126,0.056
17,B1_2,0.332,0.031,0.037,0.027,0.037,0.018,0.024,0.064,0.048,0.033,0.041,0.033,0.011,0.158,0.085,0.022
17,B1_3,0.128,0.096,0.055,0.188,0.029,0.033,0.091,0.018,0.042,0.066,0.015,0.03,0.055,0.021,0.092,0.042
17,A2_1,0.125,0.014,0.165,0.047,0.099,0.024,0.033,0.127,0.023,0.054,0.072,0.031,0.059,0.062,0.03,0.035
17,A2_2,0.358,0.045,0.03,0.067,0.032,0.015,0.045,0.028,0.071,0.046,0.026,0.022,0.018,0.103,0.072,0.021
17,A2_3,0.115,0.06,0.055,0.151,0.043,0.057,0.097,0.029,0.065,0.047,0.026,0.067,0.045,0.032,0.088,0.024
17,B2_1,0.348,0.056,0.042,0.077,0.037,0.025,0.032,0.033,0.035,0.047,0.056,0.043,0.027,0.045,0.087,0.01
17,B2_2,0.214,0.031,0.148,0.053,0.024,0.015,0.066,0.027,0.05,0.092,0.057,0.046,0.063,0.062,0.034,0.018
17,B2_3,0.206,0.061,0.072,0.147,0.031,0.022,0.035,0.045,0.012,0.117,0.032,0.036,0.048,0.037,0.076,0.024
17,y1,0.384,0.036,0.063,0.029,0.042,0.01,0.023,0.019,0.039,0.039,0.1,0.029,0.023,0.112,0.04,0.012
17,y2,0.2,0.046,0.072,0.08,0.033,0.025,0.068,0.029,0.054,0.118,0.04,0.029,0.066,0.032,0.072,0.036
17,y3,0.064,0.087,0.065,0.121,0.071,0.033,0.043,0.046,0.06,0.024,0.039,0.058,0.017,0.086,0.107,0.079
18,.,0.14,0.056,0.041,0.042,0.058,0.032,0.038,0.044,0.087,0.03,0.046,0.051,0.012,0.146,0.122,0.055
18,A1_1,0.186,0.064,0.027,0.099,0.037,0.057,0.064,0.033,0.096,0.055,0.024,0.026,0.038,0.027,0.137,0.031
18,A1_2,0.11,0.079,0.084,0.076,0.047,0.047,0.063,0.024,0.068,0.029,0.053,0.1,0.033,0.068,0.091,0.028
18,A1_3,0.314,0.034,0.061,0.031,0.026,0.008,0.023,0.059,0.029,0.09,0.028,0.013,0.018,0.139,0.061,0.066
18,B1_1,0.113,0.074,0.036,0.13,0.072,0.042,0.059,0.029,0.05,0.064,0.034,0.043,0.028,0.043,0.126,0.057
18,B1_2,0.337,0.031,0.037,0.026,0.037,0.018,0.023,0.063,0.047,0.032,0.04,0.032,0.011,0.159,0.085,0.022
18,B1_3,0.13,0.095,0.055,0.183,0.03,0.033,0.091,0.018,0.042,0.067,0.015,0.03,0.056,0.021,0.091,0.043
18,A2_1,0.128,0.014,0.164,0.046,0.098,0.024,0.032,0.128,0.023,0.053,0.072,0.03,0.059,0.064,0.03,0.036
18,A2_2,0.362,0.045,0.03,0.066,0.032,0.015,0.045,0.028,0.069,0.046,0.026,0.022,0.018,0.102,0.072,0.022
18,A2_3,0.117,0.059,0.055,0.147,0.045,0.057,0.096,0.029,0.064,0.047,0.027,0.067,0.046,0.033,0.088,0.024
18,B2_1,0.358,0.056,0.041,0.075,0.035,0.024,0.032,0.033,0.035,0.046,0.055,0.042,0.027,0.045,0.087,0.01
18,B2_2,0.215,0.031,0.149,0.054,0.024,0.015,0.067,0.027,0.049,0.092,0.056,0.045,0.064,0.06,0.034,0.019
18,B2_3,0.213,0.059,0.072,0.141,0.031,0.021,0.034,0.047,0.012,0.116,0.032,0.036,0.048,0.037,0.075,0.025
18,y1,0.385,0.036,0.062,0.029,0.042,0.01,0.023,0.019,0.038,0.039,0.099,0.028,0.023,0.112,0.04,0.012
18,y2,0.204,0.046,0.072,0.078,0.034,0.025,0.067,0.029,0.053,0.116,0.04,0.029,0.066,0.033,0.072,0.036
18,y3,0.064,0.087,0.064,0.119,0.072,0.033,0.043,0.046,0.06,0.024,0.038,0.057,0.016,0.087,0.108,0.083
19,.,0.14,0.056,0.041,0.041,0.058,0.032,0.038,0.044,0.087,0.03,0.046,0.051,0.012,0.146,0.121,0.056
19,A1_1,0.188,0.064,0.026,0.097,0.037,0.057,0.064,0.033,0.096,0.054,0.024,0.026,0.038,0.027,0.137,0.031
19,A1_2,0.111,0.078,0.084,0.075,0.046,0.047,0.064,0.024,0.068,0.03,0.053,0.1,0.034,0.068,0.091,0.028
19,A1_3,0.315,0.034,0.06,0.031,0.026,0.008,0.023,0.059,0.029,0.089,0.028,0.012,0.018,0.14,0.062,0.068
19,B1_1,0.114,0.072,0.036,0.127,0.074,0.042,0.058,0.029,0.05,0.064,0.035,0.044,0.028,0.044,0.125,0.057
19,B1_2,0.34,0.031,0.036,0.026,0.036,0.018,0.023,0.063,0.046,0.032,0.039,0.032,0.011,0.158,0.087,0.023
19,B1_3,0.132,0.094,0.055,0.179,0.03,0.033,0.091,0.018,0.042,0.067,0.015,0.03,0.057,0.022,0.091,0.044
19,A2_1,0.13,0.014,0.162,0.044,0.098,0.024,0.032,0.13,0.023,0.053,0.072,0.029,0.058,0.065,0.03,0.037
19,A2_2,0.365,0.045,0.029,0.065,0.032,0.015,0.044,0.028,0.069,0.046,0.025,0.021,0.018,0.101,0.073,0.023
19,A2_3,0.118,0.057,0.055,0.142,0.046,0.059,0.095,0.03,0.064,0.047,0.027,0.068,0.046,0.033,0.088,0.025
19,B2_1,0.368,0.056,0.039,0.072,0.034,0.024,0.031,0.033,0.034,0.045,0.053,0.041,0.026,0.045,0.089,0.01
19,B2_2,0.217,0.031,0.149,0.054,0.024,0.015,0.067,0.026,0.048,0.092,0.055,0.044,0.066,0.059,0.034,0.019
19,B2_3,0.219,0.057,0.072,0.136,0.032,0.021,0.033,0.048,0.011,0.116,0.033,0.036,0.048,0.038,0.075,0.025
19,y1,0.386,0.036,0.061,0.03,0.042,0.01,0.023,0.019,0.038,0.04,0.099,0.028,0.023,0.11,0.041,0.013
19,y2,0.207,0.045,0.07,0.075,0.035,0.025,0.066,0.029,0.052,0.115,0.042,0.03,0.065,0.034,0.073,0.037
19,y3,0.064,0.086,0.063,0.116,0.072,0.034,0.042,0.047,0.059,0.025,0.038,0.056,0.016,0.088,0.109,0.084
20,.,0.14,0.056,0.041,0.041,0.057,0.032,0.038,0.044,0.087,0.03,0.046,0.052,0.012,0.145,0.121,0.057
20,A1_1,0.19,0.063,0.026,0.095,0.037,0.057,0.063,0.033,0.096,0.054,0.024,0.027,0.037,0.028,0.137,0.032
20,A1_2,0.113,0.078,0.083,0.074,0.046,0.048,0.064,0.024,0.067,0.03,0.052,0.099,0.034,0.067,0.091,0.029
20,A1_3,0.318,0.034,0.059,0.03,0.026,0.008,0.022,0.058,0.028,0.087,0.028,0.012,0.017,0.142,0.061,0.069
20,B1_1,0.114,0.071,0.035,0.125,0.075,0.043,0.058,0.03,0.049,0.064,0.036,0.044,0.028,0.044,0.125,0.058
20,B1_2,0.346,0.031,0.035,0.025,0.036,0.017,0.022,0.063,0.045,0.031,0.039,0.031,0.011,0.158,0.087,0.023
20,B1_3,0.133,0.093,0.055,0.176,0.031,0.034,0.091,0.018,0.042,0.067,0.015,0.03,0.058,0.022,0.09,0.045
20,A2_1,0.133,0.014,0.16,0.043,0.097,0.024,0.031,0.131,0.023,0.053,0.072,0.029,0.058,0.066,0.03,0.037
20,A2_2,0.37,0.045,0.028,0.064,0.031,0.015,0.044,0.027,0.068,0.045,0.025,0.021,0.018,0.101,0.073,0.024
20,A2_3,0.118,0.057,0.055,0.139,0.047,0.06,0.094,0.03,0.063,0.047,0.028,0.069,0.046,0.033,0.089,0.025
20,B2_1,0.379,0.056,0.037,0.07,0.033,0.024,0.03,0.032,0.033,0.044,0.052,0.04,0.025,0.046,0.09,0.01
20,B2_2,0.219,0.031,0.148,0.054,0.024,0.016,0.068,0.026,0.047,0.092,0.055,0.043,0.067,0.058,0.033,0.02
20,B2_3,0.224,0.055,0.072,0.131,0.032,0.021,0.032,0.049,0.011,0.116,0.034,0.035,0.048,0.039,0.075,0.025
20,y1,0.39,0.036,0.06,0.029,0.042,0.01,0.023,0.019,0.038,0.04,0.099,0.027,0.024,0.109,0.041,0.013
20,y2,0.209,0.045,0.069,0.073,0.035,0.026,0.065,0.029,0.052,0.113,0.042,0.03,0.064,0.035,0.074,0.037
20,y3,0.065,0.086,0.061,0.114,0.072,0.034,0.042,0.048,0.059,0.025,0.038,0.056,0.016,0.089,0.11,0.086
21,.,0.139,0.056,0.041,0.042,0.057,0.033,0.038,0.044,0.087,0.03,0.046,0.052,0.012,0.144,0.122,0.057
21,A1_1,0.192,0.063,0.026,0.094,0.038,0.057,0.063,0.033,0.095,0.053,0.024,0.027,0.037,0.028,0.138,0.033
21,A1_2,0.114,0.078,0.082,0.074,0.046,0.048,0.065,0.024,0.067,0.03,0.052,0.099,0.034,0.066,0.091,0.029
21,A1_3,0.321,0.034,0.059,0.03,0.025,0.007,0.022,0.057,0.028,0.085,0.027,0.012,0.017,0.142,0.062,0.069
21,B1_1,0.114,0.069,0.035,0.123,0.077,0.044,0.058,0.031,0.049,0.065,0.036,0.044,0.029,0.044,0.123,0.058
21,B1_2,0.351,0.031,0.034,0.025,0.035,0.017,0.022,0.062,0.045,0.031,0.038,0.031,0.011,0.159,0.087,0.023
21,B1_3,0.133,0.092,0.055,0.174,0.031,0.034,0.092,0.018,0.042,0.067,0.015,0.03,0.059,0.021,0.089,0.046
21,A2_1,0.137,0.014,0.159,0.042,0.096,0.024,0.031,0.131,0.023,0.052,0.071,0.029,0.057,0.068,0.031,0.037
21,A2_2,0.372,0.045,0.028,0.065,0.031,0.016,0.044,0.027,0.068,0.045,0.024,0.02,0.018,0.099,0.073,0.024
21,A2_3,0.119,0.056,0.056,0.135,0.048,0.061,0.094,0.031,0.062,0.046,0.029,0.07,0.047,0.033,0.088,0.025
21,B2_1,0.388,0.056,0.036,0.069,0.031,0.023,0.029,0.031,0.033,0.044,0.05,0.039,0.024,0.046,0.09,0.01
21,B2_2,0.219,0.031,0.149,0.055,0.024,0.016,0.068,0.026,0.046,0.091,0.054,0.043,0.069,0.056,0.033,0.02
21,B2_3,0.232,0.054,0.071,0.127,0.032,0.021,0.032,0.05,0.011,0.115,0.034,0.036,0.047,0.039,0.075,0.025
21,y1,0.39,0.037,0.059,0.03,0.042,0.01,0.023,0.019,0.038,0.04,0.098,0.027,0.024,0.107,0.042,0.014
21,y2,0.212,0.045,0.069,0.072,0.036,0.026,0.065,0.029,0.052,0.111,0.043,0.031,0.063,0.035,0.074,0.037
21,y3,0.065,0.086,0.061,0.113,0.071,0.035,0.042,0.048,0.059,0.025,0.037,0.056,0.016,0.088,0.111,0.087
22,.,0.139,0.056,0.041,0.042,0.057,0.033,0.038,0.044,0.087,0.03,0.046,0.052,0.013,0.143,0.121,0.058
22,A1_1,0.194,0.063,0.026,0.092,0.037,0.057,0.062,0.033,0.095,0.053,0.024,0.027,0.037,0.029,0.138,0.033
22,A1_2,0.116,0.078,0.081,0.073,0.045,0.048,0.065,0.025,0.067,0.03,0.052,0.099,0.035,0.066,0.09,0.029
22,A1_3,0.324,0.034,0.058,0.03,0.025,0.007,0.022,0.057,0.028,0.084,0.027,0.012,0.017,0.142,0.062,0.071
22,B1_1,0.114,0.069,0.035,0.122,0.078,0.045,0.058,0.031,0.049,0.065,0.037,0.045,0.029,0.044,0.123,0.058
22,B1_2,0.356,0.031,0.033,0.024,0.034,0.017,0.022,0.061,0.044,0.03,0.037,0.03,0.01,0.159,0.087,0.023
22,B1_3,0.133,0.091,0.055,0.172,0.032,0.035,0.092,0.018,0.042,0.067,0.015,0.03,0.06,0.021,0.089,0.047
22,A2_1,0.139,0.014,0.157,0.041,0.095,0.023,0.031,0.132,0.022,0.052,0.071,0.029,0.056,0.069,0.031,0.038
22,A2_2,0.376,0.045,0.027,0.064,0.031,0.015,0.044,0.027,0.067,0.045,0.024,0.02,0.018,0.098,0.074,0.025
22,A2_3,0.119,0.055,0.055,0.132,0.049,0.062,0.093,0.031,0.062,0.046,0.03,0.071,0.047,0.034,0.087,0.025
22,B2_1,0.398,0.056,0.035,0.066,0.03,0.022,0.029,0.031,0.032,0.043,0.048,0.038,0.024,0.046,0.09,0.01
22,B2_2,0.219,0.03,0.148,0.055,0.025,0.016,0.069,0.025,0.045,0.091,0.053,0.043,0.071,0.055,0.033,0.021
22,B2_3,0.238,0.053,0.071,0.123,0.032,0.021,0.031,0.05,0.011,0.114,0.035,0.035,0.047,0.04,0.074,0.025
22,y1,0.39,0.038,0.059,0.03,0.042,0.01,0.023,0.019,0.038,0.04,0.098,0.027,0.024,0.106,0.042,0.014
22,y2,0.214,0.044,0.068,0.07,0.036,0.026,0.064,0.03,0.052,0.109,0.044,0.032,0.063,0.036,0.075,0.037
22,y3,0.066,0.086,0.06,0.111,0.07,0.035,0.042,0.048,0.059,0.025,0.036,0.056,0.016,0.09,0.112,0.088
23,.,0.139,0.056,0.041,0.041,0.056,0.033,0.038,0.044,0.087,0.031,0.046,0.052,0.013,0.143,0.121,0.059
23,A1_1,0.196,0.062,0.026,0.091,0.038,0.056,0.062,0.034,0.095,0.053,0.024,0.027,0.037,0.029,0.137,0.034
23,A1_2,0.118,0.078,0.081,0.072,0.045,0.049,0.065,0.025,0.066,0.031,0.052,0.099,0.035,0.066,0.09,0.029
23,A1_3,0.326,0.033,0.058,0.029,0.025,0.007,0.021,0.057,0.027,0.084,0.026,0.012,0.017,0.144,0.061,0.072
23,B1_1,0.113,0.067,0.035,0.12,0.08,0.046,0.057,0.032,0.048,0.065,0.038,0.045,0.03,0.044,0.123,0.058
23,B1_2,0.361,0.03,0.033,0.024,0.034,0.017,0.021,0.06,0.044,0.03,0.037,0.03,0.01,0.16,0.087,0.023
23,B1_3,0.134,0.089,0.056,0.169,0.032,0.035,0.092,0.019,0.042,0.068,0.016,0.03,0.062,0.021,0.088,0.047
23,A2_1,0.142,0.013,0.155,0.04,0.095,0.023,0.03,0.132,0.022,0.051,0.072,0.029,0.056,0.07,0.031,0.038
23,A2_2,0.379,0.045,0.027,0.063,0.031,0.015,0.043,0.026,0.067,0.045,0.024,0.019,0.018,0.098,0.074,0.025
23,A2_3,0.119,0.053,0.055,0.129,0.051,0.064,0.092,0.032,0.061,0.046,0.031,0.072,0.048,0.034,0.087,0.026
23,B2_1,0.409,0.056,0.033,0.064,0.029,0.022,0.028,0.03,0.032,0.042,0.047,0.037,0.023,0.047,0.091,0.01
23,B2_2,0.219,0.03,0.149,0.056,0.025,0.016,0.069,0.025,0.043,0.092,0.053,0.042,0.073,0.054,0.032,0.021
23,B2_3,0.244,0.051,0.071,0.118,0.032,0.021,0.03,0.052,0.011,0.114,0.036,0.035,0.047,0.041,0.074,0.026
23,y1,0.391,0.038,0.058,0.031,0.042,0.01,0.023,0.019,0.038,0.041,0.098,0.027,0.024,0.105,0.042,0.014
23,y2,0.216,0.043,0.068,0.067,0.037,0.027,0.063,0.03,0.051,0.109,0.046,0.032,0.062,0.037,0.075,0.038
23,y3,0.067,0.086,0.058,0.11,0.07,0.035,0.041,0.049,0.058,0.026,0.036,0.055,0.016,0.091,0.114,0.089
24,.,0.139,0.056,0.041,0.041,0.056,0.033,0.038,0.044,0.087,0.031,0.046,0.052,0.013,0.142,0.121,0.059
24,A1_1,0.197,0.061,0.026,0.089,0.038,0.056,0.062,0.034,0.095,0.053,0.024,0.027,0.036,0.03,0.138,0.034
24,A1_2,0.119,0.077,0.08,0.072,0.045,0.049,0.066,0.025,0.066,0.031,0.051,0.098,0.035,0.065,0.09,0.03
24,A1_3,0.328,0.033,0.058,0.029,0.025,0.007,0.021,0.056,0.027,0.082,0.026,0.012,0.017,0.145,0.061,0.073
24,B1_1,0.113,0.065,0.035,0.118,0.082,0.047,0.057,0.033,0.048,0.065,0.038,0.045,0.03,0.043,0.122,0.059
24,B1_2,0.364,0.03,0.032,0.023,0.033,0.017,0.021,0.059,0.043,0.029,0.036,0.03,0.01,0.161,0.088,0.023
24,B1_3,0.135,0.088,0.056,0.166,0.033,0.035,0.093,0.019,0.042,0.068,0.016,0.03,0.063,0.021,0.087,0.049
24,A2_1,0.144,0.013,0.154,0.039,0.095,0.023,0.03,0.133,0.022,0.051,0.072,0.029,0.055,0.071,0.031,0.038
24,A2_2,0.381,0.044,0.027,0.062,0.031,0.015,0.043,0.026,0.066,0.045,0.024,0.019,0.018,0.098,0.074,0.026
