,,.,A1_1,A1_2,A1_3,B1_1,B1_2,B1_3,A2_1,A2_2,A2_3,B2_1,B2_2,B2_3,y1,y2,y3
0,.,1.0,0.891,0.8,0.704,0.837,0.733,0.765,0.749,0.844,0.836,0.824,0.703,0.778,0.706,0.79,0.819
0,A1_1,0.891,1.0,0.883,0.728,0.766,0.669,0.652,0.759,0.75,0.907,0.813,0.694,0.763,0.752,0.918,0.865
0,A1_2,0.8,0.883,1.0,0.781,0.566,0.647,0.515,0.795,0.569,0.769,0.698,0.638,0.694,0.679,0.793,0.676
0,A1_3,0.704,0.728,0.781,1.0,0.533,0.473,0.428,0.863,0.71,0.716,0.666,0.54,0.512,0.685,0.731,0.767
0,B1_1,0.837,0.766,0.566,0.533,1.0,0.643,0.859,0.709,0.797,0.783,0.891,0.765,0.63,0.689,0.812,0.825
0,B1_2,0.733,0.669,0.647,0.473,0.643,1.0,0.75,0.619,0.652,0.507,0.6,0.508,0.796,0.704,0.694,0.514
0,B1_3,0.765,0.652,0.515,0.428,0.859,0.75,1.0,0.509,0.681,0.646,0.73,0.562,0.6,0.56,0.742,0.645
0,A2_1,0.749,0.759,0.795,0.863,0.709,0.619,0.509,1.0,0.734,0.75,0.828,0.76,0.566,0.805,0.799,0.797
0,A2_2,0.844,0.75,0.569,0.71,0.797,0.652,0.681,0.734,1.0,0.672,0.778,0.522,0.663,0.785,0.705,0.826
0,A2_3,0.836,0.907,0.769,0.716,0.783,0.507,0.646,0.75,0.672,1.0,0.859,0.802,0.62,0.685,0.907,0.909
0,B2_1,0.824,0.813,0.698,0.666,0.891,0.6,0.73,0.828,0.778,0.859,1.0,0.867,0.629,0.712,0.854,0.876
0,B2_2,0.703,0.694,0.638,0.54,0.765,0.508,0.562,0.76,0.522,0.802,0.867,1.0,0.566,0.594,0.727,0.757
0,B2_3,0.778,0.763,0.694,0.512,0.63,0.796,0.6,0.566,0.663,0.62,0.629,0.566,1.0,0.787,0.682,0.677
0,y1,0.706,0.752,0.679,0.685,0.689,0.704,0.56,0.805,0.785,0.685,0.712,0.594,0.787,1.0,0.778,0.825
0,y2,0.79,0.918,0.793,0.731,0.812,0.694,0.742,0.799,0.705,0.907,0.854,0.727,0.682,0.778,1.0,0.869
0,y3,0.819,0.865,0.676,0.767,0.825,0.514,0.645,0.797,0.826,0.909,0.876,0.757,0.677,0.825,0.869,1.0
500,.,1.0,-0.218,-0.157,-0.138,-0.026,-0.062,0.017,-0.165,-0.156,-0.029,-0.061,-0.009,-0.005,-0.642,-0.662,-0.642
500,A1_1,-0.218,1.0,0.974,0.968,-0.226,-0.178,-0.266,0.988,0.988,0.9,-0.207,-0.248,-0.221,0.071,0.053,0.041
500,A1_2,-0.157,0.974,1.0,0.985,-0.239,-0.203,-0.292,0.991,0.965,0.936,-0.255,-0.279,-0.248,0.034,0.009,-0.004
500,A1_3,-0.138,0.968,0.985,1.0,-0.309,-0.28,-0.364,0.986,0.972,0.964,-0.327,-0.354,-0.328,-0.024,-0.047,-0.057
500,B1_1,-0.026,-0.226,-0.239,-0.309,1.0,0.975,0.97,-0.248,-0.301,-0.346,0.933,0.908,0.902,-0.073,-0.054,-0.069
500,B1_2,-0.062,-0.178,-0.203,-0.28,0.975,1.0,0.981,-0.214,-0.258,-0.351,0.961,0.932,0.958,-0.088,-0.066,-0.087
500,B1_3,0.017,-0.266,-0.292,-0.364,0.97,0.981,1.0,-0.303,-0.338,-0.425,0.978,0.967,0.963,-0.119,-0.098,-0.112
500,A2_1,-0.165,0.988,0.991,0.986,-0.248,-0.214,-0.303,1.0,0.983,0.949,-0.258,-0.291,-0.261,0.049,0.026,0.016
500,A2_2,-0.156,0.988,0.965,0.972,-0.301,-0.258,-0.338,0.983,1.0,0.923,-0.293,-0.331,-0.295,0.024,0.005,-0.004
500,A2_3,-0.029,0.9,0.936,0.964,-0.346,-0.351,-0.425,0.949,0.923,1.0,-0.407,-0.429,-0.4,-0.074,-0.103,-0.104
500,B2_1,-0.061,-0.207,-0.255,-0.327,0.933,0.961,0.978,-0.258,-0.293,-0.407,1.0,0.987,0.97,-0.029,-0.008,-0.023
500,B2_2,-0.009,-0.248,-0.279,-0.354,0.908,0.932,0.967,-0.291,-0.331,-0.429,0.987,1.0,0.947,-0.011,0.006,-0.006
500,B2_3,-0.005,-0.221,-0.248,-0.328,0.902,0.958,0.963,-0.261,-0.295,-0.4,0.97,0.947,1.0,-0.152,-0.133,-0.151
500,y1,-0.642,0.071,0.034,-0.024,-0.073,-0.088,-0.119,0.049,0.024,-0.074,-0.029,-0.011,-0.152,1.0,0.998,0.998
500,y2,-0.662,0.053,0.009,-0.047,-0.054,-0.066,-0.098,0.026,0.005,-0.103,-0.008,0.006,-0.133,0.998,1.0,0.998
500,y3,-0.642,0.041,-0.004,-0.057,-0.069,-0.087,-0.112,0.016,-0.004,-0.104,-0.023,-0.006,-0.151,0.998,0.998,1.0
1000,.,1.0,-0.118,-0.077,-0.046,0.09,0.074,0.072,-0.099,0.007,0.007,0.043,0.02,0.146,-0.515,-0.573,-0.55
1000,A1_1,-0.118,1.0,0.99,0.96,-0.242,-0.225,-0.357,0.992,0.957,0.945,-0.266,-0.342,-0.23,-0.024,-0.004,0.01
1000,A1_2,-0.077,0.99,1.0,0.98,-0.29,-0.286,-0.404,0.996,0.972,0.971,-0.331,-0.398,-0.291,-0.041,-0.025,-0.008
1000,A1_3,-0.046,0.96,0.98,1.0,-0.329,-0.32,-0.436,0.977,0.99,0.98,-0.36,-0.425,-0.327,-0.084,-0.071,-0.045
1000,B1_1,0.09,-0.242,-0.29,-0.329,1.0,0.973,0.966,-0.294,-0.329,-0.377,0.977,0.954,0.955,-0.096,-0.1,-0.134
1000,B1_2,0.074,-0.225,-0.286,-0.32,0.973,1.0,0.937,-0.29,-0.312,-0.386,0.986,0.934,0.983,-0.05,-0.062,-0.092
1000,B1_3,0.072,-0.357,-0.404,-0.436,0.966,0.937,1.0,-0.406,-0.438,-0.482,0.966,0.994,0.926,-0.13,-0.127,-0.173
1000,A2_1,-0.099,0.992,0.996,0.977,-0.294,-0.29,-0.406,1.0,0.967,0.976,-0.334,-0.398,-0.296,-0.05,-0.034,-0.015
1000,A2_2,0.007,0.957,0.972,0.99,-0.329,-0.312,-0.438,0.967,1.0,0.968,-0.349,-0.423,-0.316,-0.061,-0.052,-0.027
1000,A2_3,0.007,0.945,0.971,0.98,-0.377,-0.386,-0.482,0.976,0.968,1.0,-0.433,-0.484,-0.392,-0.106,-0.106,-0.077
1000,B2_1,0.043,-0.266,-0.331,-0.36,0.977,0.986,0.966,-0.334,-0.349,-0.433,1.0,0.972,0.975,-0.059,-0.057,-0.094
1000,B2_2,0.02,-0.342,-0.398,-0.425,0.954,0.934,0.994,-0.398,-0.423,-0.484,0.972,1.0,0.923,-0.095,-0.089,-0.137
1000,B2_3,0.146,-0.23,-0.291,-0.327,0.955,0.983,0.926,-0.296,-0.316,-0.392,0.975,0.923,1.0,-0.065,-0.073,-0.098
1000,y1,-0.515,-0.024,-0.041,-0.084,-0.096,-0.05,-0.13,-0.05,-0.061,-0.106,-0.059,-0.095,-0.065,1.0,0.988,0.987
1000,y2,-0.573,-0.004,-0.025,-0.071,-0.1,-0.062,-0.127,-0.034,-0.052,-0.106,-0.057,-0.089,-0.073,0.988,1.0,0.995
1000,y3,-0.55,0.01,-0.008,-0.045,-0.134,-0.092,-0.173,-0.015,-0.027,-0.077,-0.094,-0.137,-0.098,0.987,0.995,1.0
1500,.,1.0,-0.036,-0.019,-0.126,0.145,0.152,0.005,-0.06,-0.014,0.108,-0.06,-0.035,0.11,-0.769,-0.788,-0.791
1500,A1_1,-0.036,1.0,0.989,0.962,-0.347,-0.299,-0.414,0.989,0.994,0.92,-0.28,-0.302,-0.309,-0.127,-0.102,-0.09
1500,A1_2,-0.019,0.989,1.0,0.968,-0.387,-0.356,-0.469,0.99,0.988,0.951,-0.354,-0.381,-0.366,-0.138,-0.115,-0.103
1500,A1_3,-0.126,0.962,0.968,1.0,-0.298,-0.267,-0.369,0.988,0.95,0.864,-0.239,-0.274,-0.265,-0.059,-0.044,-0.029
1500,B1_1,0.145,-0.347,-0.387,-0.298,1.0,0.958,0.948,-0.326,-0.408,-0.455,0.939,0.925,0.957,-0.234,-0.243,-0.243
1500,B1_2,0.152,-0.299,-0.356,-0.267,0.958,1.0,0.925,-0.285,-0.354,-0.466,0.932,0.941,0.973,-0.262,-0.266,-0.269
1500,B1_3,0.005,-0.414,-0.469,-0.369,0.948,0.925,1.0,-0.395,-0.467,-0.576,0.972,0.936,0.963,-0.145,-0.15,-0.15
1500,A2_1,-0.06,0.989,0.99,0.988,-0.326,-0.285,-0.395,1.0,0.984,0.904,-0.272,-0.305,-0.286,-0.103,-0.081,-0.067
1500,A2_2,-0.014,0.994,0.988,0.95,-0.408,-0.354,-0.467,0.984,1.0,0.929,-0.343,-0.367,-0.359,-0.115,-0.089,-0.079
1500,A2_3,0.108,0.92,0.951,0.864,-0.455,-0.466,-0.576,0.904,0.929,1.0,-0.481,-0.495,-0.495,-0.19,-0.169,-0.16
1500,B2_1,-0.06,-0.28,-0.354,-0.239,0.939,0.932,0.972,-0.272,-0.343,-0.481,1.0,0.97,0.959,-0.094,-0.102,-0.099
1500,B2_2,-0.035,-0.302,-0.381,-0.274,0.925,0.941,0.936,-0.305,-0.367,-0.495,0.97,1.0,0.92,-0.089,-0.099,-0.11
1500,B2_3,0.11,-0.309,-0.366,-0.265,0.957,0.973,0.963,-0.286,-0.359,-0.495,0.959,0.92,1.0,-0.232,-0.235,-0.229
1500,y1,-0.769,-0.127,-0.138,-0.059,-0.234,-0.262,-0.145,-0.103,-0.115,-0.19,-0.094,-0.089,-0.232,1.0,0.995,0.991
1500,y2,-0.788,-0.102,-0.115,-0.044,-0.243,-0.266,-0.15,-0.081,-0.089,-0.169,-0.102,-0.099,-0.235,0.995,1.0,0.994
1500,y3,-0.791,-0.09,-0.103,-0.029,-0.243,-0.269,-0.15,-0.067,-0.079,-0.16,-0.099,-0.11,-0.229,0.991,0.994,1.0
2000,.,1.0,-0.091,-0.138,-0.158,0.152,0.196,0.033,-0.134,0.007,0.016,-0.071,0.144,0.02,-0.616,-0.636,-0.622
2000,A1_1,-0.091,1.0,0.979,0.945,-0.257,-0.186,-0.392,0.968,0.975,0.932,-0.264,-0.309,-0.297,0.056,0.083,0.006
2000,A1_2,-0.138,0.979,1.0,0.956,-0.347,-0.282,-0.47,0.948,0.954,0.951,-0.357,-0.41,-0.383,0.059,0.083,0.001
2000,A1_3,-0.158,0.945,0.956,1.0,-0.224,-0.167,-0.365,0.98,0.926,0.861,-0.26,-0.292,-0.287,0.142,0.157,0.079
2000,B1_1,0.152,-0.257,-0.347,-0.224,1.0,0.971,0.933,-0.207,-0.345,-0.41,0.904,0.955,0.925,-0.079,-0.026,-0.026
2000,B1_2,0.196,-0.186,-0.282,-0.167,0.971,1.0,0.879,-0.133,-0.263,-0.357,0.849,0.91,0.91,-0.107,-0.044,-0.055
2000,B1_3,0.033,-0.392,-0.47,-0.365,0.933,0.879,1.0,-0.344,-0.477,-0.53,0.954,0.925,0.972,-0.126,-0.067,-0.043
2000,A2_1,-0.134,0.968,0.948,0.98,-0.207,-0.133,-0.344,1.0,0.954,0.855,-0.237,-0.267,-0.247,0.156,0.185,0.108
2000,A2_2,0.007,0.975,0.954,0.926,-0.345,-0.263,-0.477,0.954,1.0,0.939,-0.373,-0.404,-0.382,0.036,0.055,-0.017
2000,A2_3,0.016,0.932,0.951,0.861,-0.41,-0.357,-0.53,0.855,0.939,1.0,-0.452,-0.475,-0.467,0.009,0.019,-0.046
2000,B2_1,-0.071,-0.264,-0.357,-0.26,0.904,0.849,0.954,-0.237,-0.373,-0.452,1.0,0.917,0.948,-0.176,-0.118,-0.106
2000,B2_2,0.144,-0.309,-0.41,-0.292,0.955,0.91,0.925,-0.267,-0.404,-0.475,0.917,1.0,0.881,-0.151,-0.115,-0.1
2000,B2_3,0.02,-0.297,-0.383,-0.287,0.925,0.91,0.972,-0.247,-0.382,-0.467,0.948,0.881,1.0,-0.135,-0.056,-0.045
2000,y1,-0.616,0.056,0.059,0.142,-0.079,-0.107,-0.126,0.156,0.036,0.009,-0.176,-0.151,-0.135,1.0,0.989,0.99
2000,y2,-0.636,0.083,0.083,0.157,-0.026,-0.044,-0.067,0.185,0.055,0.019,-0.118,-0.115,-0.056,0.989,1.0,0.992
2000,y3,-0.622,0.006,0.001,0.079,-0.026,-0.055,-0.043,0.108,-0.017,-0.046,-0.106,-0.1,-0.045,0.99,0.992,1.0
2500,.,1.0,-0.212,-0.198,-0.173,0.202,0.211,0.163,-0.055,-0.074,-0.097,0.104,0.073,0.08,-0.554,-0.562,-0.545
2500,A1_1,-0.212,1.0,0.942,0.951,-0.241,-0.04,-0.245,0.878,0.959,0.955,-0.097,-0.221,-0.248,0.057,0.067,0.084
2500,A1_2,-0.198,0.942,1.0,0.956,-0.276,-0.044,-0.3,0.915,0.946,0.952,-0.144,-0.268,-0.305,0.198,0.195,0.201
2500,A1_3,-0.173,0.951,0.956,1.0,-0.165,0.045,-0.219,0.937,0.943,0.936,-0.065,-0.173,-0.235,0.157,0.158,0.162
2500,B1_1,0.202,-0.241,-0.276,-0.165,1.0,0.887,0.964,-0.233,-0.333,-0.315,0.952,0.917,0.948,0.143,0.188,0.162
2500,B1_2,0.211,-0.04,-0.044,0.045,0.887,1.0,0.838,-0.008,-0.134,-0.125,0.895,0.875,0.882,0.202,0.255,0.227
2500,B1_3,0.163,-0.245,-0.3,-0.219,0.964,0.838,1.0,-0.334,-0.37,-0.349,0.922,0.888,0.962,0.074,0.132,0.113
2500,A2_1,-0.055,0.878,0.915,0.937,-0.233,-0.008,-0.334,1.0,0.919,0.908,-0.164,-0.178,-0.313,0.111,0.086,0.086
2500,A2_2,-0.074,0.959,0.946,0.943,-0.333,-0.134,-0.37,0.919,1.0,0.995,-0.222,-0.353,-0.394,0.025,0.021,0.039
2500,A2_3,-0.097,0.955,0.952,0.936,-0.315,-0.125,-0.349,0.908,0.995,1.0,-0.199,-0.346,-0.376,0.084,0.08,0.1
2500,B2_1,0.104,-0.097,-0.144,-0.065,0.952,0.895,0.922,-0.164,-0.222,-0.199,1.0,0.866,0.941,0.2,0.255,0.231
2500,B2_2,0.073,-0.221,-0.268,-0.173,0.917,0.875,0.888,-0.178,-0.353,-0.346,0.866,1.0,0.949,0.111,0.145,0.107
2500,B2_3,0.08,-0.248,-0.305,-0.235,0.948,0.882,0.962,-0.313,-0.394,-0.376,0.941,0.949,1.0,0.124,0.177,0.149
2500,y1,-0.554,0.057,0.198,0.157,0.143,0.202,0.074,0.111,0.025,0.084,0.2,0.111,0.124,1.0,0.991,0.984
2500,y2,-0.562,0.067,0.195,0.158,0.188,0.255,0.132,0.086,0.021,0.08,0.255,0.145,0.177,0.991,1.0,0.996
2500,y3,-0.545,0.084,0.201,0.162,0.162,0.227,0.113,0.086,0.039,0.1,0.231,0.107,0.149,0.984,0.996,1.0
3000,.,1.0,-0.233,-0.183,-0.229,-0.01,0.034,-0.038,-0.207,-0.07,-0.121,-0.107,-0.035,-0.069,-0.614,-0.635,-0.609
3000,A1_1,-0.233,1.0,0.935,0.943,-0.313,-0.295,-0.377,0.966,0.942,0.958,-0.318,-0.371,-0.375,-0.104,-0.096,-0.09
3000,A1_2,-0.183,0.935,1.0,0.988,-0.381,-0.317,-0.442,0.989,0.923,0.941,-0.387,-0.447,-0.441,-0.174,-0.164,-0.162
3000,A1_3,-0.229,0.943,0.988,1.0,-0.317,-0.275,-0.375,0.982,0.913,0.935,-0.318,-0.379,-0.373,-0.123,-0.118,-0.117
3000,B1_1,-0.01,-0.313,-0.381,-0.317,1.0,0.957,0.97,-0.359,-0.502,-0.484,0.932,0.983,0.963,-0.02,-0.037,-0.043
3000,B1_2,0.034,-0.295,-0.317,-0.275,0.957,1.0,0.934,-0.306,-0.483,-0.461,0.904,0.939,0.93,-0.082,-0.101,-0.109
3000,B1_3,-0.038,-0.377,-0.442,-0.375,0.97,0.934,1.0,-0.42,-0.547,-0.535,0.966,0.985,0.993,-0.063,-0.072,-0.08
3000,A2_1,-0.207,0.966,0.989,0.982,-0.359,-0.306,-0.42,1.0,0.934,0.952,-0.363,-0.42,-0.417,-0.123,-0.11,-0.103
3000,A2_2,-0.07,0.942,0.923,0.913,-0.502,-0.483,-0.547,0.934,1.0,0.995,-0.5,-0.556,-0.553,-0.181,-0.165,-0.156
3000,A2_3,-0.121,0.958,0.941,0.935,-0.484,-0.461,-0.535,0.952,0.995,1.0,-0.486,-0.54,-0.538,-0.145,-0.134,-0.13
3000,B2_1,-0.107,-0.318,-0.387,-0.318,0.932,0.904,0.966,-0.363,-0.5,-0.486,1.0,0.953,0.989,0.012,-0.002,-0.015
3000,B2_2,-0.035,-0.371,-0.447,-0.379,0.983,0.939,0.985,-0.42,-0.556,-0.54,0.953,1.0,0.981,-0.025,-0.04,-0.049
3000,B2_3,-0.069,-0.375,-0.441,-0.373,0.963,0.93,0.993,-0.417,-0.553,-0.538,0.989,0.981,1.0,-0.01,-0.021,-0.032
3000,y1,-0.614,-0.104,-0.174,-0.123,-0.02,-0.082,-0.063,-0.123,-0.181,-0.145,0.012,-0.025,-0.01,1.0,0.995,0.985
3000,y2,-0.635,-0.096,-0.164,-0.118,-0.037,-0.101,-0.072,-0.11,-0.165,-0.134,-0.002,-0.04,-0.021,0.995,1.0,0.995
3000,y3,-0.609,-0.09,-0.162,-0.117,-0.043,-0.109,-0.08,-0.103,-0.156,-0.13,-0.015,-0.049,-0.032,0.985,0.995,1.0
3500,.,1.0,-0.138,-0.117,-0.106,0.182,0.247,0.077,-0.158,-0.022,-0.124,0.156,0.134,0.142,-0.23,-0.303,-0.223
3500,A1_1,-0.138,1.0,0.95,0.941,-0.145,-0.199,-0.261,0.988,0.946,0.969,-0.106,-0.174,-0.12,0.065,0.097,0.087
3500,A1_2,-0.117,0.95,1.0,0.92,-0.16,-0.188,-0.265,0.943,0.892,0.93,-0.118,-0.185,-0.118,0.037,0.062,0.03
3500,A1_3,-0.106,0.941,0.92,1.0,-0.165,-0.249,-0.318,0.953,0.962,0.941,-0.134,-0.207,-0.168,0.119,0.168,0.153
3500,B1_1,0.182,-0.145,-0.16,-0.165,1.0,0.898,0.95,-0.197,-0.202,-0.253,0.992,0.977,0.982,0.027,-0.017,-0.016
3500,B1_2,0.247,-0.199,-0.188,-0.249,0.898,1.0,0.863,-0.256,-0.268,-0.311,0.894,0.906,0.884,-0.057,-0.116,-0.121
3500,B1_3,0.077,-0.261,-0.265,-0.318,0.95,0.863,1.0,-0.316,-0.349,-0.381,0.942,0.963,0.96,-0.169,-0.198,-0.219
3500,A2_1,-0.158,0.988,0.943,0.953,-0.197,-0.256,-0.316,1.0,0.97,0.987,-0.159,-0.228,-0.182,0.088,0.142,0.12
3500,A2_2,-0.022,0.946,0.892,0.962,-0.202,-0.268,-0.349,0.97,1.0,0.968,-0.171,-0.241,-0.208,0.066,0.13,0.125
3500,A2_3,-0.124,0.969,0.93,0.941,-0.253,-0.311,-0.381,0.987,0.968,1.0,-0.228,-0.299,-0.251,0.128,0.177,0.159
3500,B2_1,0.156,-0.106,-0.118,-0.134,0.992,0.894,0.942,-0.159,-0.171,-0.228,1.0,0.983,0.992,0.03,-0.006,-0.01
3500,B2_2,0.134,-0.174,-0.185,-0.207,0.977,0.906,0.963,-0.228,-0.241,-0.299,0.983,1.0,0.985,-0.064,-0.096,-0.111
3500,B2_3,0.142,-0.12,-0.118,-0.168,0.982,0.884,0.96,-0.182,-0.208,-0.251,0.992,0.985,1.0,-0.03,-0.071,-0.08
3500,y1,-0.23,0.065,0.037,0.119,0.027,-0.057,-0.169,0.088,0.066,0.128,0.03,-0.064,-0.03,1.0,0.979,0.984
3500,y2,-0.303,0.097,0.062,0.168,-0.017,-0.116,-0.198,0.142,0.13,0.177,-0.006,-0.096,-0.071,0.979,1.0,0.983
3500,y3,-0.223,0.087,0.03,0.153,-0.016,-0.121,-0.219,0.12,0.125,0.159,-0.01,-0.111,-0.08,0.984,0.983,1.0
4000,.,1.0,-0.151,-0.189,-0.191,0.045,0.06,-0.012,-0.136,-0.121,-0.183,0.001,-0.009,0.004,-0.315,-0.311,-0.318
4000,A1_1,-0.151,1.0,0.958,0.984,-0.081,-0.064,-0.13,0.974,0.956,0.947,0.088,0.045,0.02,-0.04,-0.035,0.026
4000,A1_2,-0.189,0.958,1.0,0.969,-0.166,-0.126,-0.201,0.973,0.934,0.974,0.029,-0.028,-0.043,-0.091,-0.043,-0.014
4000,A1_3,-0.191,0.984,0.969,1.0,-0.123,-0.112,-0.172,0.992,0.978,0.98,0.036,-0.001,-0.035,-0.028,-0.006,0.042
4000,B1_1,0.045,-0.081,-0.166,-0.123,1.0,0.984,0.982,-0.166,-0.151,-0.199,0.95,0.982,0.962,0.164,0.092,0.101
4000,B1_2,0.06,-0.064,-0.126,-0.112,0.984,1.0,0.967,-0.142,-0.146,-0.173,0.949,0.982,0.975,0.184,0.13,0.128
4000,B1_3,-0.012,-0.13,-0.201,-0.172,0.982,0.967,1.0,-0.217,-0.207,-0.243,0.929,0.962,0.953,0.053,-0.007,-0.007
4000,A2_1,-0.136,0.974,0.973,0.992,-0.166,-0.142,-0.217,1.0,0.982,0.986,-0.017,-0.047,-0.08,-0.048,-0.014,0.03
4000,A2_2,-0.121,0.956,0.934,0.978,-0.151,-0.146,-0.207,0.982,1.0,0.97,-0.022,-0.053,-0.084,-0.038,-0.015,0.035
4000,A2_3,-0.183,0.947,0.974,0.98,-0.199,-0.173,-0.243,0.986,0.97,1.0,-0.033,-0.078,-0.101,-0.047,0.002,0.026
4000,B2_1,0.001,0.088,0.029,0.036,0.95,0.949,0.929,-0.017,-0.022,-0.033,1.0,0.979,0.983,0.14,0.087,0.086
4000,B2_2,-0.009,0.045,-0.028,-0.001,0.982,0.982,0.962,-0.047,-0.053,-0.078,0.979,1.0,0.985,0.177,0.118,0.126
4000,B2_3,0.004,0.02,-0.043,-0.035,0.962,0.975,0.953,-0.08,-0.084,-0.101,0.983,0.985,1.0,0.168,0.123,0.119
4000,y1,-0.315,-0.04,-0.091,-0.028,0.164,0.184,0.053,-0.048,-0.038,-0.047,0.14,0.177,0.168,1.0,0.978,0.986
4000,y2,-0.311,-0.035,-0.043,-0.006,0.092,0.13,-0.007,-0.014,-0.015,0.002,0.087,0.118,0.123,0.978,1.0,0.985
4000,y3,-0.318,0.026,-0.014,0.042,0.101,0.128,-0.007,0.03,0.035,0.026,0.086,0.126,0.119,0.986,0.985,1.0
4500,.,1.0,-0.049,-0.036,-0.026,0.02,0.092,0.045,0.027,-0.017,0.03,-0.002,0.016,-0.048,-0.311,-0.318,-0.261
4500,A1_1,-0.049,1.0,0.978,0.98,-0.193,-0.194,-0.336,0.964,0.976,0.976,-0.186,-0.163,-0.025,-0.13,-0.126,-0.032
4500,A1_2,-0.036,0.978,1.0,0.972,-0.16,-0.159,-0.304,0.984,0.967,0.978,-0.175,-0.134,-0.001,-0.146,-0.14,-0.065
4500,A1_3,-0.026,0.98,0.972,1.0,-0.149,-0.158,-0.282,0.981,0.948,0.988,-0.152,-0.122,0.003,-0.059,-0.063,0.025
4500,B1_1,0.02,-0.193,-0.16,-0.149,1.0,0.981,0.908,-0.082,-0.15,-0.089,0.943,0.996,0.965,0.198,0.191,0.095
4500,B1_2,0.092,-0.194,-0.159,-0.158,0.981,1.0,0.918,-0.074,-0.151,-0.089,0.94,0.981,0.967,0.241,0.236,0.14
4500,B1_3,0.045,-0.336,-0.304,-0.282,0.908,0.918,1.0,-0.213,-0.298,-0.236,0.95,0.912,0.862,0.177,0.147,0.045
4500,A2_1,0.027,0.964,0.984,0.981,-0.082,-0.074,-0.213,1.0,0.944,0.988,-0.096,-0.055,0.075,-0.083,-0.084,-0.011
4500,A2_2,-0.017,0.976,0.967,0.948,-0.15,-0.151,-0.298,0.944,1.0,0.968,-0.141,-0.122,0.001,-0.163,-0.151,-0.054
4500,A2_3,0.03,0.976,0.978,0.988,-0.089,-0.089,-0.236,0.988,0.968,1.0,-0.098,-0.064,0.065,-0.087,-0.088,-0.002
4500,B2_1,-0.002,-0.186,-0.175,-0.152,0.943,0.94,0.95,-0.096,-0.141,-0.098,1.0,0.961,0.932,0.237,0.215,0.13
4500,B2_2,0.016,-0.163,-0.134,-0.122,0.996,0.981,0.912,-0.055,-0.122,-0.064,0.961,1.0,0.971,0.228,0.221,0.128
4500,B2_3,-0.048,-0.025,-0.001,0.003,0.965,0.967,0.862,0.075,0.001,0.065,0.932,0.971,1.0,0.249,0.241,0.148
4500,y1,-0.311,-0.13,-0.146,-0.059,0.198,0.241,0.177,-0.083,-0.163,-0.087,0.237,0.228,0.249,1.0,0.994,0.976
4500,y2,-0.318,-0.126,-0.14,-0.063,0.191,0.236,0.147,-0.084,-0.151,-0.088,0.215,0.221,0.241,0.994,1.0,0.98
4500,y3,-0.261,-0.032,-0.065,0.025,0.095,0.14,0.045,-0.011,-0.054,-0.002,0.13,0.128,0.148,0.976,0.98,1.0
5000,.,1.0,-0.175,-0.137,-0.24,-0.056,0.027,-0.025,-0.081,0.035,0.001,-0.111,-0.06,-0.098,-0.244,-0.29,-0.327
5000,A1_1,-0.175,1.0,0.974,0.981,-0.074,-0.091,-0.24,0.966,0.896,0.902,-0.0,-0.116,-0.003,-0.055,-0.021,0.071
5000,A1_2,-0.137,0.974,1.0,0.963,-0.132,-0.143,-0.291,0.984,0.914,0.918,-0.069,-0.186,-0.079,-0.066,-0.045,0.043
5000,A1_3,-0.24,0.981,0.963,1.0,-0.139,-0.178,-0.316,0.957,0.886,0.905,-0.06,-0.173,-0.055,0.053,0.087,0.182
5000,B1_1,-0.056,-0.074,-0.132,-0.139,1.0,0.978,0.918,-0.121,-0.196,-0.206,0.991,0.973,0.919,0.184,0.2,0.141
5000,B1_2,0.027,-0.091,-0.143,-0.178,0.978,1.0,0.934,-0.13,-0.185,-0.204,0.968,0.959,0.923,0.167,0.181,0.123
5000,B1_3,-0.025,-0.24,-0.291,-0.316,0.918,0.934,1.0,-0.297,-0.335,-0.347,0.902,0.959,0.937,0.089,0.109,0.041
5000,A2_1,-0.081,0.966,0.984,0.957,-0.121,-0.13,-0.297,1.0,0.964,0.963,-0.063,-0.182,-0.084,-0.022,-0.015,0.079
5000,A2_2,0.035,0.896,0.914,0.886,-0.196,-0.185,-0.335,0.964,1.0,0.995,-0.142,-0.24,-0.141,-0.061,-0.07,0.029
5000,A2_3,0.001,0.902,0.918,0.905,-0.206,-0.204,-0.347,0.963,0.995,1.0,-0.146,-0.242,-0.134,-0.036,-0.039,0.059
5000,B2_1,-0.111,-0.0,-0.069,-0.06,0.991,0.968,0.902,-0.063,-0.142,-0.146,1.0,0.974,0.936,0.209,0.238,0.185
5000,B2_2,-0.06,-0.116,-0.186,-0.173,0.973,0.959,0.959,-0.182,-0.24,-0.242,0.974,1.0,0.966,0.196,0.225,0.159
5000,B2_3,-0.098,-0.003,-0.079,-0.055,0.919,0.923,0.937,-0.084,-0.141,-0.134,0.936,0.966,1.0,0.233,0.271,0.219
5000,y1,-0.244,-0.055,-0.066,0.053,0.184,0.167,0.089,-0.022,-0.061,-0.036,0.209,0.196,0.233,1.0,0.991,0.979
5000,y2,-0.29,-0.021,-0.045,0.087,0.2,0.181,0.109,-0.015,-0.07,-0.039,0.238,0.225,0.271,0.991,1.0,0.99
5000,y3,-0.327,0.071,0.043,0.182,0.141,0.123,0.041,0.079,0.029,0.059,0.185,0.159,0.219,0.979,0.99,1.0
5500,.,1.0,-0.171,-0.147,-0.236,0.03,0.101,-0.003,-0.096,0.02,-0.042,-0.115,-0.051,-0.065,-0.293,-0.252,-0.295
5500,A1_1,-0.171,1.0,0.983,0.968,-0.224,-0.304,-0.275,0.978,0.919,0.957,-0.086,-0.167,-0.133,-0.041,-0.016,0.013
5500,A1_2,-0.147,0.983,1.0,0.967,-0.233,-0.316,-0.277,0.982,0.941,0.971,-0.114,-0.186,-0.143,-0.05,-0.04,-0.009
5500,A1_3,-0.236,0.968,0.967,1.0,-0.264,-0.368,-0.33,0.95,0.904,0.928,-0.109,-0.208,-0.199,0.029,0.043,0.061
5500,B1_1,0.03,-0.224,-0.233,-0.264,1.0,0.975,0.981,-0.286,-0.239,-0.267,0.942,0.966,0.963,0.265,0.27,0.235
5500,B1_2,0.101,-0.304,-0.316,-0.368,0.975,1.0,0.977,-0.341,-0.298,-0.332,0.929,0.954,0.931,0.159,0.169,0.138
5500,B1_3,-0.003,-0.275,-0.277,-0.33,0.981,0.977,1.0,-0.332,-0.307,-0.321,0.925,0.971,0.974,0.182,0.184,0.16
5500,A2_1,-0.096,0.978,0.982,0.95,-0.286,-0.341,-0.332,1.0,0.966,0.988,-0.145,-0.227,-0.214,-0.124,-0.102,-0.076
5500,A2_2,0.02,0.919,0.941,0.904,-0.239,-0.298,-0.307,0.966,1.0,0.982,-0.136,-0.203,-0.211,-0.083,-0.059,-0.054
5500,A2_3,-0.042,0.957,0.971,0.928,-0.267,-0.332,-0.321,0.988,0.982,1.0,-0.149,-0.217,-0.201,-0.106,-0.084,-0.062
5500,B2_1,-0.115,-0.086,-0.114,-0.109,0.942,0.929,0.925,-0.145,-0.136,-0.149,1.0,0.97,0.918,0.24,0.256,0.23
5500,B2_2,-0.051,-0.167,-0.186,-0.208,0.966,0.954,0.971,-0.227,-0.203,-0.217,0.97,1.0,0.967,0.242,0.259,0.227
5500,B2_3,-0.065,-0.133,-0.143,-0.199,0.963,0.931,0.974,-0.214,-0.211,-0.201,0.918,0.967,1.0,0.284,0.29,0.278
5500,y1,-0.293,-0.041,-0.05,0.029,0.265,0.159,0.182,-0.124,-0.083,-0.106,0.24,0.242,0.284,1.0,0.994,0.986
5500,y2,-0.252,-0.016,-0.04,0.043,0.27,0.169,0.184,-0.102,-0.059,-0.084,0.256,0.259,0.29,0.994,1.0,0.989
5500,y3,-0.295,0.013,-0.009,0.061,0.235,0.138,0.16,-0.076,-0.054,-0.062,0.23,0.227,0.278,0.986,0.989,1.0
6000,.,1.0,-0.278,-0.281,-0.138,-0.113,-0.104,-0.072,-0.249,-0.194,-0.223,-0.183,-0.059,-0.126,-0.41,-0.402,-0.4
6000,A1_1,-0.278,1.0,0.988,0.944,-0.088,-0.074,-0.152,0.958,0.954,0.961,0.017,-0.144,-0.026,0.116,0.117,0.195
6000,A1_2,-0.281,0.988,1.0,0.922,-0.149,-0.133,-0.206,0.97,0.958,0.966,-0.044,-0.197,-0.088,0.07,0.078,0.172
6000,A1_3,-0.138,0.944,0.922,1.0,-0.178,-0.176,-0.268,0.919,0.942,0.946,-0.098,-0.236,-0.136,0.179,0.183,0.264
6000,B1_1,-0.113,-0.088,-0.149,-0.178,1.0,0.995,0.924,-0.127,-0.153,-0.182,0.986,0.962,0.977,0.084,0.088,0.017
6000,B1_2,-0.104,-0.074,-0.133,-0.176,0.995,1.0,0.935,-0.125,-0.154,-0.181,0.989,0.966,0.988,0.101,0.099,0.03
6000,B1_3,-0.072,-0.152,-0.206,-0.268,0.924,0.935,1.0,-0.238,-0.277,-0.281,0.928,0.973,0.955,0.073,0.051,-0.007
6000,A2_1,-0.249,0.958,0.97,0.919,-0.127,-0.125,-0.238,1.0,0.989,0.983,-0.036,-0.194,-0.103,0.052,0.081,0.175
6000,A2_2,-0.194,0.954,0.958,0.942,-0.153,-0.154,-0.277,0.989,1.0,0.976,-0.073,-0.24,-0.14,0.055,0.092,0.171
6000,A2_3,-0.223,0.961,0.966,0.946,-0.182,-0.181,-0.281,0.983,0.976,1.0,-0.088,-0.233,-0.141,0.094,0.109,0.214
6000,B2_1,-0.183,0.017,-0.044,-0.098,0.986,0.989,0.928,-0.036,-0.073,-0.088,1.0,0.96,0.989,0.133,0.128,0.072
6000,B2_2,-0.059,-0.144,-0.197,-0.236,0.962,0.966,0.973,-0.194,-0.24,-0.233,0.96,1.0,0.977,0.097,0.082,0.039
6000,B2_3,-0.126,-0.026,-0.088,-0.136,0.977,0.988,0.955,-0.103,-0.14,-0.141,0.989,0.977,1.0,0.142,0.124,0.07
6000,y1,-0.41,0.116,0.07,0.179,0.084,0.101,0.073,0.052,0.055,0.094,0.133,0.097,0.142,1.0,0.989,0.972
6000,y2,-0.402,0.117,0.078,0.183,0.088,0.099,0.051,0.081,0.092,0.109,0.128,0.082,0.124,0.989,1.0,0.98
6000,y3,-0.4,0.195,0.172,0.264,0.017,0.03,-0.007,0.175,0.171,0.214,0.072,0.039,0.07,0.972,0.98,1.0
6500,.,1.0,-0.417,-0.375,-0.373,-0.088,-0.091,-0.085,-0.427,-0.412,-0.406,-0.081,-0.05,-0.096,-0.281,-0.304,-0.299
6500,A1_1,-0.417,1.0,0.984,0.922,0.117,0.2,-0.071,0.97,0.964,0.987,0.056,0.003,0.069,-0.127,-0.078,-0.099
6500,A1_2,-0.375,0.984,1.0,0.906,0.015,0.102,-0.152,0.969,0.953,0.984,-0.032,-0.079,-0.02,-0.132,-0.085,-0.107
6500,A1_3,-0.373,0.922,0.906,1.0,-0.091,-0.014,-0.299,0.97,0.956,0.951,-0.174,-0.22,-0.173,-0.029,-0.002,-0.028
6500,B1_1,-0.088,0.117,0.015,-0.091,1.0,0.981,0.907,-0.07,-0.01,-0.007,0.971,0.951,0.97,-0.268,-0.229,-0.219
6500,B1_2,-0.091,0.2,0.102,-0.014,0.981,1.0,0.823,0.018,0.077,0.078,0.935,0.917,0.934,-0.209,-0.166,-0.155
6500,B1_3,-0.085,-0.071,-0.152,-0.299,0.907,0.823,1.0,-0.252,-0.212,-0.183,0.956,0.952,0.96,-0.29,-0.262,-0.254
6500,A2_1,-0.427,0.97,0.969,0.97,-0.07,0.018,-0.252,1.0,0.982,0.991,-0.125,-0.172,-0.12,-0.042,-0.006,-0.032
6500,A2_2,-0.412,0.964,0.953,0.956,-0.01,0.077,-0.212,0.982,1.0,0.98,-0.079,-0.127,-0.077,-0.043,0.001,-0.027
6500,A2_3,-0.406,0.987,0.984,0.951,-0.007,0.078,-0.183,0.991,0.98,1.0,-0.056,-0.104,-0.05,-0.055,-0.011,-0.036
6500,B2_1,-0.081,0.056,-0.032,-0.174,0.971,0.935,0.956,-0.125,-0.079,-0.056,1.0,0.986,0.989,-0.232,-0.195,-0.188
6500,B2_2,-0.05,0.003,-0.079,-0.22,0.951,0.917,0.952,-0.172,-0.127,-0.104,0.986,1.0,0.98,-0.137,-0.102,-0.096
6500,B2_3,-0.096,0.069,-0.02,-0.173,0.97,0.934,0.96,-0.12,-0.077,-0.05,0.989,0.98,1.0,-0.24,-0.205,-0.195
6500,y1,-0.281,-0.127,-0.132,-0.029,-0.268,-0.209,-0.29,-0.042,-0.043,-0.055,-0.232,-0.137,-0.24,1.0,0.995,0.996
6500,y2,-0.304,-0.078,-0.085,-0.002,-0.229,-0.166,-0.262,-0.006,0.001,-0.011,-0.195,-0.102,-0.205,0.995,1.0,0.998
6500,y3,-0.299,-0.099,-0.107,-0.028,-0.219,-0.155,-0.254,-0.032,-0.027,-0.036,-0.188,-0.096,-0.195,0.996,0.998,1.0
7000,.,1.0,-0.415,-0.423,-0.27,-0.077,-0.094,-0.188,-0.261,-0.171,-0.195,-0.016,-0.048,-0.035,-0.255,-0.252,-0.244
7000,A1_1,-0.415,1.0,0.985,0.827,0.4,0.406,0.488,0.79,0.821,0.763,0.335,0.32,0.357,-0.103,-0.083,-0.072
7000,A1_2,-0.423,0.985,1.0,0.798,0.299,0.305,0.386,0.767,0.795,0.734,0.244,0.231,0.264,-0.103,-0.091,-0.08
7000,A1_3,-0.27,0.827,0.798,1.0,0.268,0.271,0.343,0.958,0.973,0.963,0.159,0.12,0.173,0.145,0.156,0.166
7000,B1_1,-0.077,0.4,0.299,0.268,1.0,0.999,0.962,0.164,0.207,0.226,0.961,0.944,0.97,0.003,0.052,0.07
7000,B1_2,-0.094,0.406,0.305,0.271,0.999,1.0,0.967,0.167,0.208,0.234,0.955,0.942,0.965,0.003,0.052,0.069
7000,B1_3,-0.188,0.488,0.386,0.343,0.962,0.967,1.0,0.238,0.28,0.3,0.861,0.846,0.883,-0.047,-0.001,0.01
7000,A2_1,-0.261,0.79,0.767,0.958,0.164,0.167,0.238,1.0,0.97,0.969,0.07,0.025,0.081,0.058,0.071,0.083
7000,A2_2,-0.171,0.821,0.795,0.973,0.207,0.208,0.28,0.97,1.0,0.957,0.104,0.058,0.117,0.077,0.088,0.1
7000,A2_3,-0.195,0.763,0.734,0.963,0.226,0.234,0.3,0.969,0.957,1.0,0.12,0.083,0.131,0.114,0.131,0.14
7000,B2_1,-0.016,0.335,0.244,0.159,0.961,0.955,0.861,0.07,0.104,0.12,1.0,0.993,0.999,-0.031,0.019,0.042
7000,B2_2,-0.048,0.32,0.231,0.12,0.944,0.942,0.846,0.025,0.058,0.083,0.993,1.0,0.991,-0.056,-0.007,0.015
7000,B2_3,-0.035,0.357,0.264,0.173,0.97,0.965,0.883,0.081,0.117,0.131,0.999,0.991,1.0,-0.048,0.002,0.025
7000,y1,-0.255,-0.103,-0.103,0.145,0.003,0.003,-0.047,0.058,0.077,0.114,-0.031,-0.056,-0.048,1.0,0.995,0.994
7000,y2,-0.252,-0.083,-0.091,0.156,0.052,0.052,-0.001,0.071,0.088,0.131,0.019,-0.007,0.002,0.995,1.0,0.999
7000,y3,-0.244,-0.072,-0.08,0.166,0.07,0.069,0.01,0.083,0.1,0.14,0.042,0.015,0.025,0.994,0.999,1.0
7500,.,1.0,-0.172,-0.236,-0.141,-0.015,-0.06,-0.001,-0.097,-0.065,-0.081,-0.101,-0.093,-0.033,-0.535,-0.579,-0.527
7500,A1_1,-0.172,1.0,0.929,0.938,-0.027,-0.07,-0.194,0.946,0.938,0.911,-0.056,-0.007,0.057,0.032,0.079,0.034
7500,A1_2,-0.236,0.929,1.0,0.941,-0.149,-0.178,-0.313,0.929,0.91,0.917,-0.196,-0.153,-0.047,0.168,0.189,0.134
7500,A1_3,-0.141,0.938,0.941,1.0,-0.146,-0.238,-0.358,0.993,0.983,0.963,-0.22,-0.177,-0.096,0.067,0.077,0.041
7500,B1_1,-0.015,-0.027,-0.149,-0.146,1.0,0.921,0.919,-0.138,-0.131,-0.267,0.918,0.937,0.93,-0.153,-0.095,-0.151
7500,B1_2,-0.06,-0.07,-0.178,-0.238,0.921,1.0,0.985,-0.224,-0.231,-0.355,0.975,0.977,0.959,0.076,0.14,0.087
7500,B1_3,-0.001,-0.194,-0.313,-0.358,0.919,0.985,1.0,-0.347,-0.35,-0.473,0.96,0.956,0.92,-0.006,0.051,0.008
7500,A2_1,-0.097,0.946,0.929,0.993,-0.138,-0.224,-0.347,1.0,0.995,0.966,-0.203,-0.155,-0.076,0.048,0.061,0.031
7500,A2_2,-0.065,0.938,0.91,0.983,-0.131,-0.231,-0.35,0.995,1.0,0.966,-0.201,-0.149,-0.082,0.027,0.038,0.018
7500,A2_3,-0.081,0.911,0.917,0.963,-0.267,-0.355,-0.473,0.966,0.966,1.0,-0.344,-0.292,-0.206,0.024,0.022,0.01
7500,B2_1,-0.101,-0.056,-0.196,-0.22,0.918,0.975,0.96,-0.203,-0.201,-0.344,1.0,0.994,0.94,0.071,0.14,0.108
7500,B2_2,-0.093,-0.007,-0.153,-0.177,0.937,0.977,0.956,-0.155,-0.149,-0.292,0.994,1.0,0.954,0.044,0.114,0.079
7500,B2_3,-0.033,0.057,-0.047,-0.096,0.93,0.959,0.92,-0.076,-0.082,-0.206,0.94,0.954,1.0,0.089,0.15,0.1
7500,y1,-0.535,0.032,0.168,0.067,-0.153,0.076,-0.006,0.048,0.027,0.024,0.071,0.044,0.089,1.0,0.991,0.986
7500,y2,-0.579,0.079,0.189,0.077,-0.095,0.14,0.051,0.061,0.038,0.022,0.14,0.114,0.15,0.991,1.0,0.983
7500,y3,-0.527,0.034,0.134,0.041,-0.151,0.087,0.008,0.031,0.018,0.01,0.108,0.079,0.1,0.986,0.983,1.0
8000,.,1.0,-0.366,-0.221,-0.284,0.065,0.026,0.065,-0.247,-0.355,-0.249,0.009,0.035,0.0,-0.767,-0.783,-0.788
8000,A1_1,-0.366,1.0,0.821,0.888,-0.213,-0.118,-0.174,0.879,0.956,0.914,-0.075,-0.136,-0.104,0.129,0.169,0.161
8000,A1_2,-0.221,0.821,1.0,0.971,-0.499,-0.383,-0.515,0.969,0.908,0.962,-0.36,-0.456,-0.414,0.101,0.107,0.088
8000,A1_3,-0.284,0.888,0.971,1.0,-0.403,-0.294,-0.412,0.988,0.948,0.983,-0.265,-0.357,-0.318,0.106,0.118,0.098
8000,B1_1,0.065,-0.213,-0.499,-0.403,1.0,0.961,0.97,-0.454,-0.302,-0.421,0.962,0.97,0.97,-0.018,-0.054,-0.02
8000,B1_2,0.026,-0.118,-0.383,-0.294,0.961,1.0,0.959,-0.34,-0.234,-0.31,0.977,0.957,0.99,-0.078,-0.124,-0.086
8000,B1_3,0.065,-0.174,-0.515,-0.412,0.97,0.959,1.0,-0.46,-0.298,-0.422,0.948,0.979,0.979,-0.126,-0.148,-0.11
8000,A2_1,-0.247,0.879,0.969,0.988,-0.454,-0.34,-0.46,1.0,0.937,0.992,-0.308,-0.4,-0.366,0.06,0.073,0.056
8000,A2_2,-0.355,0.956,0.908,0.948,-0.302,-0.234,-0.298,0.937,1.0,0.954,-0.179,-0.239,-0.226,0.184,0.219,0.203
8000,A2_3,-0.249,0.914,0.962,0.983,-0.421,-0.31,-0.422,0.992,0.954,1.0,-0.276,-0.364,-0.329,0.079,0.095,0.078
8000,B2_1,0.009,-0.075,-0.36,-0.265,0.962,0.977,0.948,-0.308,-0.179,-0.276,1.0,0.981,0.984,-0.003,-0.044,-0.004
8000,B2_2,0.035,-0.136,-0.456,-0.357,0.97,0.957,0.979,-0.4,-0.239,-0.364,0.981,1.0,0.982,-0.046,-0.073,-0.033
8000,B2_3,0.0,-0.104,-0.414,-0.318,0.97,0.99,0.979,-0.366,-0.226,-0.329,0.984,0.982,1.0,-0.06,-0.095,-0.055
8000,y1,-0.767,0.129,0.101,0.106,-0.018,-0.078,-0.126,0.06,0.184,0.079,-0.003,-0.046,-0.06,1.0,0.994,0.993
8000,y2,-0.783,0.169,0.107,0.118,-0.054,-0.124,-0.148,0.073,0.219,0.095,-0.044,-0.073,-0.095,0.994,1.0,0.997
8000,y3,-0.788,0.161,0.088,0.098,-0.02,-0.086,-0.11,0.056,0.203,0.078,-0.004,-0.033,-0.055,0.993,0.997,1.0
8500,.,1.0,-0.408,-0.445,-0.46,-0.006,-0.051,-0.034,-0.414,-0.4,-0.399,-0.088,-0.135,-0.102,-0.782,-0.827,-0.819
8500,A1_1,-0.408,1.0,0.931,0.922,-0.08,-0.011,-0.111,0.985,0.968,0.954,-0.023,0.017,0.012,0.226,0.288,0.275
8500,A1_2,-0.445,0.931,1.0,0.979,-0.23,-0.199,-0.309,0.965,0.952,0.942,-0.23,-0.191,-0.197,0.258,0.334,0.31
8500,A1_3,-0.46,0.922,0.979,1.0,-0.181,-0.178,-0.271,0.938,0.919,0.898,-0.192,-0.163,-0.161,0.266,0.337,0.314
8500,B1_1,-0.006,-0.08,-0.23,-0.181,1.0,0.946,0.909,-0.125,-0.103,-0.148,0.942,0.917,0.931,-0.08,-0.095,-0.065
8500,B1_2,-0.051,-0.011,-0.199,-0.178,0.946,1.0,0.975,-0.061,-0.046,-0.081,0.98,0.959,0.991,-0.105,-0.113,-0.081
8500,B1_3,-0.034,-0.111,-0.309,-0.271,0.909,0.975,1.0,-0.171,-0.167,-0.203,0.977,0.946,0.978,-0.125,-0.142,-0.11
8500,A2_1,-0.414,0.985,0.965,0.938,-0.125,-0.061,-0.171,1.0,0.988,0.978,-0.085,-0.043,-0.052,0.253,0.321,0.304
8500,A2_2,-0.4,0.968,0.952,0.919,-0.103,-0.046,-0.167,0.988,1.0,0.994,-0.074,-0.033,-0.048,0.23,0.305,0.282
8500,A2_3,-0.399,0.954,0.942,0.898,-0.148,-0.081,-0.203,0.978,0.994,1.0,-0.117,-0.072,-0.087,0.243,0.315,0.292
8500,B2_1,-0.088,-0.023,-0.23,-0.192,0.942,0.98,0.977,-0.085,-0.074,-0.117,1.0,0.98,0.988,-0.03,-0.041,-0.011
8500,B2_2,-0.135,0.017,-0.191,-0.163,0.917,0.959,0.946,-0.043,-0.033,-0.072,0.98,1.0,0.977,0.05,0.038,0.067
8500,B2_3,-0.102,0.012,-0.197,-0.161,0.931,0.991,0.978,-0.052,-0.048,-0.087,0.988,0.977,1.0,-0.053,-0.063,-0.03
8500,y1,-0.782,0.226,0.258,0.266,-0.08,-0.105,-0.125,0.253,0.23,0.243,-0.03,0.05,-0.053,1.0,0.991,0.995
8500,y2,-0.827,0.288,0.334,0.337,-0.095,-0.113,-0.142,0.321,0.305,0.315,-0.041,0.038,-0.063,0.991,1.0,0.998
8500,y3,-0.819,0.275,0.31,0.314,-0.065,-0.081,-0.11,0.304,0.282,0.292,-0.011,0.067,-0.03,0.995,0.998,1.0
9000,.,1.0,-0.251,-0.267,-0.216,-0.181,-0.191,-0.171,-0.277,-0.262,-0.252,-0.196,-0.213,-0.187,-0.718,-0.74,-0.7
9000,A1_1,-0.251,1.0,0.984,0.97,-0.291,-0.212,-0.324,0.987,0.986,0.985,-0.29,-0.253,-0.292,0.168,0.226,0.15
9000,A1_2,-0.267,0.984,1.0,0.979,-0.356,-0.276,-0.39,0.999,0.999,0.998,-0.352,-0.319,-0.359,0.221,0.275,0.2
9000,A1_3,-0.216,0.97,0.979,1.0,-0.276,-0.208,-0.308,0.976,0.979,0.978,-0.276,-0.248,-0.282,0.198,0.257,0.2
9000,B1_1,-0.181,-0.291,-0.356,-0.276,1.0,0.983,0.997,-0.35,-0.354,-0.354,0.998,0.993,0.998,0.016,0.003,0.057
9000,B1_2,-0.191,-0.212,-0.276,-0.208,0.983,1.0,0.979,-0.272,-0.277,-0.276,0.987,0.99,0.984,0.006,-0.006,0.057
9000,B1_3,-0.171,-0.324,-0.39,-0.308,0.997,0.979,1.0,-0.384,-0.388,-0.389,0.997,0.99,0.997,0.003,-0.01,0.05
9000,A2_1,-0.277,0.987,0.999,0.976,-0.35,-0.272,-0.384,1.0,0.999,0.999,-0.347,-0.313,-0.354,0.229,0.284,0.209
9000,A2_2,-0.262,0.986,0.999,0.979,-0.354,-0.277,-0.388,0.999,1.0,0.997,-0.351,-0.319,-0.358,0.206,0.261,0.185
9000,A2_3,-0.252,0.985,0.998,0.978,-0.354,-0.276,-0.389,0.999,0.997,1.0,-0.351,-0.317,-0.358,0.229,0.284,0.212
9000,B2_1,-0.196,-0.29,-0.352,-0.276,0.998,0.987,0.997,-0.347,-0.351,-0.351,1.0,0.995,0.997,0.031,0.017,0.074
9000,B2_2,-0.213,-0.253,-0.319,-0.248,0.993,0.99,0.99,-0.313,-0.319,-0.317,0.995,1.0,0.996,0.031,0.017,0.073
9000,B2_3,-0.187,-0.292,-0.359,-0.282,0.998,0.984,0.997,-0.354,-0.358,-0.358,0.997,0.996,1.0,0.011,-0.002,0.053
9000,y1,-0.718,0.168,0.221,0.198,0.016,0.006,0.003,0.229,0.206,0.229,0.031,0.031,0.011,1.0,0.993,0.982
9000,y2,-0.74,0.226,0.275,0.257,0.003,-0.006,-0.01,0.284,0.261,0.284,0.017,0.017,-0.002,0.993,1.0,0.983
9000,y3,-0.7,0.15,0.2,0.2,0.057,0.057,0.05,0.209,0.185,0.212,0.074,0.073,0.053,0.982,0.983,1.0
9500,.,1.0,-0.286,-0.345,-0.279,-0.066,-0.081,-0.091,-0.358,-0.328,-0.349,-0.099,-0.115,-0.102,-0.572,-0.589,-0.601
9500,A1_1,-0.286,1.0,0.969,0.969,-0.153,-0.105,-0.15,0.98,0.976,0.981,-0.134,-0.116,-0.127,0.008,0.157,0.082
9500,A1_2,-0.345,0.969,1.0,0.971,-0.288,-0.242,-0.281,0.977,0.991,0.993,-0.264,-0.246,-0.256,0.122,0.262,0.175
9500,A1_3,-0.279,0.969,0.971,1.0,-0.241,-0.21,-0.242,0.971,0.983,0.979,-0.228,-0.216,-0.224,0.124,0.275,0.198
9500,B1_1,-0.066,-0.153,-0.288,-0.241,1.0,0.992,0.997,-0.231,-0.257,-0.25,0.996,0.991,0.995,-0.024,-0.107,0.024
9500,B1_2,-0.081,-0.105,-0.242,-0.21,0.992,1.0,0.993,-0.183,-0.215,-0.204,0.993,0.992,0.994,-0.06,-0.142,-0.009
9500,B1_3,-0.091,-0.15,-0.281,-0.242,0.997,0.993,1.0,-0.225,-0.255,-0.243,1.0,0.997,0.999,-0.0,-0.091,0.041
9500,A2_1,-0.358,0.98,0.977,0.971,-0.231,-0.183,-0.225,1.0,0.99,0.995,-0.208,-0.189,-0.201,0.085,0.237,0.152
9500,A2_2,-0.328,0.976,0.991,0.983,-0.257,-0.215,-0.255,0.99,1.0,0.997,-0.239,-0.224,-0.232,0.091,0.242,0.154
9500,A2_3,-0.349,0.981,0.993,0.979,-0.25,-0.204,-0.243,0.995,0.997,1.0,-0.227,-0.209,-0.22,0.096,0.243,0.156
9500,B2_1,-0.099,-0.134,-0.264,-0.228,0.996,0.993,1.0,-0.208,-0.239,-0.227,1.0,0.999,1.0,0.01,-0.08,0.05
9500,B2_2,-0.115,-0.116,-0.246,-0.216,0.991,0.992,0.997,-0.189,-0.224,-0.209,0.999,1.0,0.999,0.012,-0.079,0.051
9500,B2_3,-0.102,-0.127,-0.256,-0.224,0.995,0.994,0.999,-0.201,-0.232,-0.22,1.0,0.999,1.0,0.005,-0.084,0.046
9500,y1,-0.572,0.008,0.122,0.124,-0.024,-0.06,-0.0,0.085,0.091,0.096,0.01,0.012,0.005,1.0,0.975,0.977
9500,y2,-0.589,0.157,0.262,0.275,-0.107,-0.142,-0.091,0.237,0.242,0.243,-0.08,-0.079,-0.084,0.975,1.0,0.974
9500,y3,-0.601,0.082,0.175,0.198,0.024,-0.009,0.041,0.152,0.154,0.156,0.05,0.051,0.046,0.977,0.974,1.0
10000,.,1.0,-0.316,-0.364,-0.343,-0.027,-0.03,-0.035,-0.394,-0.366,-0.377,-0.036,-0.039,-0.031,-0.404,-0.484,-0.457
10000,A1_1,-0.316,1.0,0.955,0.958,-0.091,-0.057,-0.109,0.968,0.965,0.968,-0.107,-0.106,-0.113,0.0,0.151,0.094
10000,A1_2,-0.364,0.955,1.0,0.949,-0.153,-0.117,-0.169,0.985,0.989,0.996,-0.167,-0.166,-0.171,0.078,0.224,0.179
10000,A1_3,-0.343,0.958,0.949,1.0,-0.233,-0.218,-0.251,0.982,0.977,0.968,-0.246,-0.246,-0.256,0.201,0.339,0.287
10000,B1_1,-0.027,-0.091,-0.153,-0.233,1.0,0.991,0.998,-0.212,-0.199,-0.159,0.998,0.998,0.998,-0.062,-0.14,-0.075
10000,B1_2,-0.03,-0.057,-0.117,-0.218,0.991,1.0,0.987,-0.186,-0.17,-0.128,0.986,0.986,0.988,-0.121,-0.195,-0.133
10000,B1_3,-0.035,-0.109,-0.169,-0.251,0.998,0.987,1.0,-0.23,-0.215,-0.175,1.0,1.0,1.0,-0.063,-0.142,-0.075
10000,A2_1,-0.394,0.968,0.985,0.982,-0.212,-0.186,-0.23,1.0,0.994,0.994,-0.227,-0.225,-0.233,0.133,0.283,0.227
10000,A2_2,-0.366,0.965,0.989,0.977,-0.199,-0.17,-0.215,0.994,1.0,0.996,-0.212,-0.212,-0.218,0.139,0.286,0.235
10000,A2_3,-0.377,0.968,0.996,0.968,-0.159,-0.128,-0.175,0.994,0.996,1.0,-0.172,-0.171,-0.178,0.097,0.243,0.195
10000,B2_1,-0.036,-0.107,-0.167,-0.246,0.998,0.986,1.0,-0.227,-0.212,-0.172,1.0,1.0,1.0,-0.057,-0.136,-0.069
10000,B2_2,-0.039,-0.106,-0.166,-0.246,0.998,0.986,1.0,-0.225,-0.212,-0.171,1.0,1.0,1.0,-0.06,-0.139,-0.072
10000,B2_3,-0.031,-0.113,-0.171,-0.256,0.998,0.988,1.0,-0.233,-0.218,-0.178,1.0,1.0,1.0,-0.065,-0.144,-0.077
10000,y1,-0.404,0.0,0.078,0.201,-0.062,-0.121,-0.063,0.133,0.139,0.097,-0.057,-0.06,-0.065,1.0,0.977,0.992
10000,y2,-0.484,0.151,0.224,0.339,-0.14,-0.195,-0.142,0.283,0.286,0.243,-0.136,-0.139,-0.144,0.977,1.0,0.99
10000,y3,-0.457,0.094,0.179,0.287,-0.075,-0.133,-0.075,0.227,0.235,0.195,-0.069,-0.072,-0.077,0.992,0.99,1.0
