,,.,A1_1,A1_2,A1_3,B1_1,B1_2,B1_3,A2_1,A2_2,A2_3,B2_1,B2_2,B2_3,y1,y2,y3
2,.,1.0,0.567,-0.503,-0.284,-0.586,-0.572,-0.61,0.645,0.094,0.208,0.628,-0.507,-0.474,-0.171,-0.417,-0.751
2,A1_1,0.567,1.0,-0.056,0.408,-0.367,-0.257,-0.626,0.618,-0.0,0.135,-0.165,-0.57,-0.386,0.45,0.276,-0.39
2,A1_2,-0.503,-0.056,1.0,0.237,-0.017,0.199,-0.103,-0.056,0.163,-0.116,-0.618,0.415,0.354,-0.077,0.155,0.19
2,A1_3,-0.284,0.408,0.237,1.0,-0.085,-0.048,-0.263,0.035,-0.142,0.013,-0.516,-0.264,0.254,0.598,0.78,0.077
2,B1_1,-0.586,-0.367,-0.017,-0.085,1.0,0.852,0.816,-0.279,0.105,-0.027,-0.535,-0.023,-0.241,0.07,0.193,0.509
2,B1_2,-0.572,-0.257,0.199,-0.048,0.852,1.0,0.653,-0.112,0.082,-0.256,-0.698,0.137,-0.062,0.026,0.086,0.53
2,B1_3,-0.61,-0.626,-0.103,-0.263,0.816,0.653,1.0,-0.526,-0.361,-0.409,-0.191,0.399,0.164,-0.205,-0.017,0.486
2,A2_1,0.645,0.618,-0.056,0.035,-0.279,-0.112,-0.526,1.0,0.216,0.252,-0.014,-0.595,-0.483,0.052,0.049,-0.459
2,A2_2,0.094,-0.0,0.163,-0.142,0.105,0.082,-0.361,0.216,1.0,0.798,-0.159,-0.436,-0.575,0.1,-0.063,-0.0
2,A2_3,0.208,0.135,-0.116,0.013,-0.027,-0.256,-0.409,0.252,0.798,1.0,0.047,-0.588,-0.599,0.42,0.272,0.053
2,B2_1,0.628,-0.165,-0.618,-0.516,-0.535,-0.698,-0.191,-0.014,-0.159,0.047,1.0,0.015,-0.008,-0.426,-0.572,-0.484
2,B2_2,-0.507,-0.57,0.415,-0.264,-0.023,0.137,0.399,-0.595,-0.436,-0.588,0.015,1.0,0.802,-0.359,-0.293,0.417
2,B2_3,-0.474,-0.386,0.354,0.254,-0.241,-0.062,0.164,-0.483,-0.575,-0.599,-0.008,0.802,1.0,-0.172,0.009,0.265
2,y1,-0.171,0.45,-0.077,0.598,0.07,0.026,-0.205,0.052,0.1,0.42,-0.426,-0.359,-0.172,1.0,0.835,0.51
2,y2,-0.417,0.276,0.155,0.78,0.193,0.086,-0.017,0.049,-0.063,0.272,-0.572,-0.293,0.009,0.835,1.0,0.454
2,y3,-0.751,-0.39,0.19,0.077,0.509,0.53,0.486,-0.459,-0.0,0.053,-0.484,0.417,0.265,0.51,0.454,1.0
4,.,1.0,-0.13,-0.536,-0.119,-0.161,0.24,-0.576,-0.337,-0.188,0.078,0.652,-0.238,0.035,-0.387,-0.51,-0.455
4,A1_1,-0.13,1.0,0.364,0.767,-0.407,-0.028,-0.277,-0.199,-0.164,-0.255,-0.447,-0.128,-0.31,0.26,0.387,0.673
4,A1_2,-0.536,0.364,1.0,0.433,0.147,-0.554,-0.141,0.307,0.096,0.128,-0.239,-0.123,-0.235,-0.192,0.416,0.337
4,A1_3,-0.119,0.767,0.433,1.0,-0.144,-0.123,-0.453,-0.027,-0.08,0.148,-0.465,-0.344,-0.514,-0.177,0.55,0.465
4,B1_1,-0.161,-0.407,0.147,-0.144,1.0,-0.109,0.465,0.208,-0.058,0.05,-0.273,0.012,-0.021,-0.337,-0.397,-0.37
4,B1_2,0.24,-0.028,-0.554,-0.123,-0.109,1.0,0.126,-0.696,-0.201,-0.286,0.064,-0.238,-0.073,0.102,-0.386,0.346
4,B1_3,-0.576,-0.277,-0.141,-0.453,0.465,0.126,1.0,0.191,0.059,-0.279,-0.456,0.342,0.219,0.435,-0.139,0.024
4,A2_1,-0.337,-0.199,0.307,-0.027,0.208,-0.696,0.191,1.0,0.734,0.723,-0.285,-0.23,-0.387,-0.332,0.54,-0.475
4,A2_2,-0.188,-0.164,0.096,-0.08,-0.058,-0.201,0.059,0.734,1.0,0.78,-0.174,-0.557,-0.569,-0.343,0.552,-0.211
4,A2_3,0.078,-0.255,0.128,0.148,0.05,-0.286,-0.279,0.723,0.78,1.0,0.005,-0.718,-0.69,-0.767,0.499,-0.46
4,B2_1,0.652,-0.447,-0.239,-0.465,-0.273,0.064,-0.456,-0.285,-0.174,0.005,1.0,0.045,0.44,-0.229,-0.4,-0.316
4,B2_2,-0.238,-0.128,-0.123,-0.344,0.012,-0.238,0.342,-0.23,-0.557,-0.718,0.045,1.0,0.886,0.767,-0.264,0.034
4,B2_3,0.035,-0.31,-0.235,-0.514,-0.021,-0.073,0.219,-0.387,-0.569,-0.69,0.44,0.886,1.0,0.607,-0.436,-0.015
4,y1,-0.387,0.26,-0.192,-0.177,-0.337,0.102,0.435,-0.332,-0.343,-0.767,-0.229,0.767,0.607,1.0,-0.004,0.48
4,y2,-0.51,0.387,0.416,0.55,-0.397,-0.386,-0.139,0.54,0.552,0.499,-0.4,-0.264,-0.436,-0.004,1.0,0.328
4,y3,-0.455,0.673,0.337,0.465,-0.37,0.346,0.024,-0.475,-0.211,-0.46,-0.316,0.034,-0.015,0.48,0.328,1.0
6,.,1.0,-0.002,0.216,0.113,0.12,-0.408,0.562,0.171,-0.295,0.327,-0.311,0.181,-0.07,-0.941,-0.938,-0.54
6,A1_1,-0.002,1.0,0.371,0.775,-0.016,-0.266,-0.028,-0.014,0.386,-0.378,-0.101,-0.786,-0.407,0.22,0.129,-0.45
6,A1_2,0.216,0.371,1.0,0.332,-0.35,-0.135,0.309,0.464,-0.15,0.451,-0.571,-0.205,-0.51,-0.147,-0.189,0.159
6,A1_3,0.113,0.775,0.332,1.0,0.048,-0.091,0.008,0.02,0.235,-0.331,-0.52,-0.589,-0.646,0.173,0.07,-0.184
6,B1_1,0.12,-0.016,-0.35,0.048,1.0,0.558,0.578,-0.651,0.011,-0.56,-0.245,-0.254,-0.065,-0.077,-0.022,-0.449
6,B1_2,-0.408,-0.266,-0.135,-0.091,0.558,1.0,0.306,-0.426,-0.38,-0.389,-0.363,0.0,-0.069,0.347,0.335,0.262
6,B1_3,0.562,-0.028,0.309,0.008,0.578,0.306,1.0,-0.142,-0.215,0.08,-0.531,-0.184,-0.213,-0.605,-0.455,-0.407
6,A2_1,0.171,-0.014,0.464,0.02,-0.651,-0.426,-0.142,1.0,-0.211,0.858,-0.209,-0.035,-0.481,-0.206,-0.159,0.458
6,A2_2,-0.295,0.386,-0.15,0.235,0.011,-0.38,-0.215,-0.211,1.0,-0.266,0.333,-0.516,-0.059,0.37,0.517,-0.165
6,A2_3,0.327,-0.378,0.451,-0.331,-0.56,-0.389,0.08,0.858,-0.266,1.0,-0.183,0.293,-0.239,-0.443,-0.35,0.449
6,B2_1,-0.311,-0.101,-0.571,-0.52,-0.245,-0.363,-0.531,-0.209,0.333,-0.183,1.0,0.165,0.772,0.166,0.206,-0.212
6,B2_2,0.181,-0.786,-0.205,-0.589,-0.254,0.0,-0.184,-0.035,-0.516,0.293,0.165,1.0,0.577,-0.297,-0.404,0.281
6,B2_3,-0.07,-0.407,-0.51,-0.646,-0.065,-0.069,-0.213,-0.481,-0.059,-0.239,0.772,0.577,1.0,-0.114,-0.108,-0.262
6,y1,-0.941,0.22,-0.147,0.173,-0.077,0.347,-0.605,-0.206,0.37,-0.443,0.166,-0.297,-0.114,1.0,0.914,0.467
6,y2,-0.938,0.129,-0.189,0.07,-0.022,0.335,-0.455,-0.159,0.517,-0.35,0.206,-0.404,-0.108,0.914,1.0,0.468
6,y3,-0.54,-0.45,0.159,-0.184,-0.449,0.262,-0.407,0.458,-0.165,0.449,-0.212,0.281,-0.262,0.467,0.468,1.0
8,.,1.0,-0.41,0.325,0.134,-0.107,-0.137,-0.195,0.332,0.241,-0.292,0.164,-0.18,-0.037,-0.369,-0.586,-0.454
8,A1_1,-0.41,1.0,0.469,0.728,-0.013,0.058,-0.009,0.064,-0.595,-0.076,-0.483,-0.101,-0.31,0.451,0.634,0.111
8,A1_2,0.325,0.469,1.0,0.607,-0.494,-0.047,-0.376,0.085,-0.384,-0.383,0.211,0.149,0.147,-0.023,0.044,-0.606
8,A1_3,0.134,0.728,0.607,1.0,-0.237,-0.074,-0.078,0.233,-0.398,-0.173,-0.539,-0.297,-0.541,0.594,0.299,-0.034
8,B1_1,-0.107,-0.013,-0.494,-0.237,1.0,0.646,0.833,-0.313,-0.209,0.029,-0.23,0.024,-0.427,-0.086,0.368,0.202
8,B1_2,-0.137,0.058,-0.047,-0.074,0.646,1.0,0.77,-0.769,-0.629,-0.258,0.245,0.421,-0.203,-0.072,0.43,-0.386
8,B1_3,-0.195,-0.009,-0.376,-0.078,0.833,0.77,1.0,-0.446,-0.395,-0.155,-0.102,0.138,-0.449,0.168,0.43,0.109
8,A2_1,0.332,0.064,0.085,0.233,-0.313,-0.769,-0.446,1.0,0.266,-0.146,-0.332,-0.652,-0.068,-0.027,-0.51,0.363
8,A2_2,0.241,-0.595,-0.384,-0.398,-0.209,-0.629,-0.395,0.266,1.0,0.679,-0.139,-0.033,0.073,0.016,-0.328,0.414
8,A2_3,-0.292,-0.076,-0.383,-0.173,0.029,-0.258,-0.155,-0.146,0.679,1.0,-0.456,0.232,-0.274,0.455,0.354,0.615
8,B2_1,0.164,-0.483,0.211,-0.539,-0.23,0.245,-0.102,-0.332,-0.139,-0.456,1.0,0.501,0.809,-0.69,-0.367,-0.73
8,B2_2,-0.18,-0.101,0.149,-0.297,0.024,0.421,0.138,-0.652,-0.033,0.232,0.501,1.0,0.33,-0.003,0.474,-0.304
8,B2_3,-0.037,-0.31,0.147,-0.541,-0.427,-0.203,-0.449,-0.068,0.073,-0.274,0.809,0.33,1.0,-0.668,-0.339,-0.477
8,y1,-0.369,0.451,-0.023,0.594,-0.086,-0.072,0.168,-0.027,0.016,0.455,-0.69,-0.003,-0.668,1.0,0.578,0.558
8,y2,-0.586,0.634,0.044,0.299,0.368,0.43,0.43,-0.51,-0.328,0.354,-0.367,0.474,-0.339,0.578,1.0,0.226
8,y3,-0.454,0.111,-0.606,-0.034,0.202,-0.386,0.109,0.363,0.414,0.615,-0.73,-0.304,-0.477,0.558,0.226,1.0
10,.,1.0,-0.415,-0.059,-0.058,-0.141,-0.366,-0.083,0.552,-0.047,0.159,0.768,0.523,0.611,-0.492,-0.384,-0.645
10,A1_1,-0.415,1.0,0.437,0.488,0.136,0.008,-0.163,-0.122,-0.29,-0.092,-0.255,-0.646,-0.545,-0.054,-0.054,0.324
10,A1_2,-0.059,0.437,1.0,0.955,0.185,-0.01,-0.205,-0.367,-0.374,-0.225,0.154,-0.089,-0.05,0.246,0.147,0.486
10,A1_3,-0.058,0.488,0.955,1.0,0.142,0.028,-0.119,-0.305,-0.447,-0.373,0.165,-0.057,-0.018,0.278,-0.005,0.39
10,B1_1,-0.141,0.136,0.185,0.142,1.0,0.526,-0.006,-0.702,-0.456,-0.03,-0.479,0.243,0.149,0.303,-0.014,0.305
10,B1_2,-0.366,0.008,-0.01,0.028,0.526,1.0,0.596,-0.493,-0.502,-0.533,-0.232,0.117,0.046,0.057,-0.335,0.061
10,B1_3,-0.083,-0.163,-0.205,-0.119,-0.006,0.596,1.0,-0.236,-0.361,-0.31,0.119,-0.193,0.083,-0.235,-0.274,-0.308
10,A2_1,0.552,-0.122,-0.367,-0.305,-0.702,-0.493,-0.236,1.0,0.427,0.165,0.567,0.093,0.019,-0.551,-0.433,-0.661
10,A2_2,-0.047,-0.29,-0.374,-0.447,-0.456,-0.502,-0.361,0.427,1.0,0.719,-0.215,-0.171,-0.471,0.121,0.21,-0.137
10,A2_3,0.159,-0.092,-0.225,-0.373,-0.03,-0.533,-0.31,0.165,0.719,1.0,-0.232,-0.314,-0.399,-0.071,0.262,-0.127
10,B2_1,0.768,-0.255,0.154,0.165,-0.479,-0.232,0.119,0.567,-0.215,-0.232,1.0,0.301,0.558,-0.539,-0.283,-0.444
10,B2_2,0.523,-0.646,-0.089,-0.057,0.243,0.117,-0.193,0.093,-0.171,-0.314,0.301,1.0,0.787,0.158,-0.227,-0.194
10,B2_3,0.611,-0.545,-0.05,-0.018,0.149,0.046,0.083,0.019,-0.471,-0.399,0.558,0.787,1.0,0.007,-0.017,-0.115
10,y1,-0.492,-0.054,0.246,0.278,0.303,0.057,-0.235,-0.551,0.121,-0.071,-0.539,0.158,0.007,1.0,0.551,0.705
10,y2,-0.384,-0.054,0.147,-0.005,-0.014,-0.335,-0.274,-0.433,0.21,0.262,-0.283,-0.227,-0.017,0.551,1.0,0.782
10,y3,-0.645,0.324,0.486,0.39,0.305,0.061,-0.308,-0.661,-0.137,-0.127,-0.444,-0.194,-0.115,0.705,0.782,1.0
12,.,1.0,0.351,-0.609,-0.335,0.405,0.206,0.371,0.261,-0.446,-0.604,0.227,0.127,0.1,-0.48,-0.341,-0.376
12,A1_1,0.351,1.0,0.342,0.651,0.067,0.315,-0.079,-0.056,-0.553,0.002,0.058,-0.54,-0.069,0.249,0.467,0.248
12,A1_2,-0.609,0.342,1.0,0.867,-0.567,-0.069,-0.405,-0.22,0.13,0.396,-0.372,-0.606,-0.298,0.426,0.618,0.334
12,A1_3,-0.335,0.651,0.867,1.0,-0.416,0.163,-0.279,-0.375,-0.351,0.248,-0.094,-0.598,-0.045,0.521,0.769,0.323
12,B1_1,0.405,0.067,-0.567,-0.416,1.0,0.279,0.306,0.035,0.015,-0.444,-0.058,-0.207,-0.121,-0.044,-0.091,0.15
12,B1_2,0.206,0.315,-0.069,0.163,0.279,1.0,0.548,-0.788,-0.357,-0.4,0.219,-0.282,0.24,0.54,0.514,0.165
12,B1_3,0.371,-0.079,-0.405,-0.279,0.306,0.548,1.0,-0.207,-0.309,-0.42,-0.094,-0.01,-0.151,0.349,0.048,-0.004
12,A2_1,0.261,-0.056,-0.22,-0.375,0.035,-0.788,-0.207,1.0,0.26,0.261,-0.228,0.218,-0.4,-0.614,-0.702,-0.152
12,A2_2,-0.446,-0.553,0.13,-0.351,0.015,-0.357,-0.309,0.26,1.0,0.162,-0.504,-0.107,-0.463,-0.246,-0.291,0.092
12,A2_3,-0.604,0.002,0.396,0.248,-0.444,-0.4,-0.42,0.261,0.162,1.0,0.18,0.18,0.068,0.182,-0.105,0.357
12,B2_1,0.227,0.058,-0.372,-0.094,-0.058,0.219,-0.094,-0.228,-0.504,0.18,1.0,0.616,0.931,-0.179,-0.208,-0.1
12,B2_2,0.127,-0.54,-0.606,-0.598,-0.207,-0.282,-0.01,0.218,-0.107,0.18,0.616,1.0,0.634,-0.456,-0.711,-0.54
12,B2_3,0.1,-0.069,-0.298,-0.045,-0.121,0.24,-0.151,-0.4,-0.463,0.068,0.931,0.634,1.0,-0.149,-0.136,-0.305
12,y1,-0.48,0.249,0.426,0.521,-0.044,0.54,0.349,-0.614,-0.246,0.182,-0.179,-0.456,-0.149,1.0,0.793,0.548
12,y2,-0.341,0.467,0.618,0.769,-0.091,0.514,0.048,-0.702,-0.291,-0.105,-0.208,-0.711,-0.136,0.793,1.0,0.522
12,y3,-0.376,0.248,0.334,0.323,0.15,0.165,-0.004,-0.152,0.092,0.357,-0.1,-0.54,-0.305,0.548,0.522,1.0
14,.,1.0,0.397,-0.124,0.137,-0.549,-0.514,-0.688,-0.433,-0.211,0.06,0.348,0.372,0.161,0.154,-0.6,0.009
14,A1_1,0.397,1.0,0.627,0.514,-0.018,-0.357,-0.476,-0.329,-0.573,0.034,-0.147,0.139,-0.356,0.28,0.277,0.455
14,A1_2,-0.124,0.627,1.0,0.604,-0.158,-0.114,-0.196,0.11,0.031,0.02,-0.213,0.249,-0.19,-0.033,0.203,0.139
14,A1_3,0.137,0.514,0.604,1.0,-0.146,-0.025,-0.332,-0.035,0.047,0.014,-0.084,0.215,-0.295,0.404,-0.133,-0.031
14,B1_1,-0.549,-0.018,-0.158,-0.146,1.0,0.353,0.295,-0.047,-0.585,-0.275,-0.473,-0.535,-0.258,0.257,0.664,0.305
14,B1_2,-0.514,-0.357,-0.114,-0.025,0.353,1.0,0.567,-0.389,0.09,-0.575,0.372,0.245,0.237,-0.458,0.17,-0.379
14,B1_3,-0.688,-0.476,-0.196,-0.332,0.295,0.567,1.0,0.144,0.131,-0.358,-0.118,-0.092,-0.017,-0.411,0.278,-0.265
14,A2_1,-0.433,-0.329,0.11,-0.035,-0.047,-0.389,0.144,1.0,0.543,0.517,-0.662,-0.641,-0.411,0.125,0.011,-0.145
14,A2_2,-0.211,-0.573,0.031,0.047,-0.585,0.09,0.131,0.543,1.0,0.348,0.204,0.08,0.081,-0.371,-0.437,-0.603
14,A2_3,0.06,0.034,0.02,0.014,-0.275,-0.575,-0.358,0.517,0.348,1.0,-0.098,-0.312,-0.484,0.195,0.145,0.206
14,B2_1,0.348,-0.147,-0.213,-0.084,-0.473,0.372,-0.118,-0.662,0.204,-0.098,1.0,0.778,0.599,-0.367,-0.284,-0.123
14,B2_2,0.372,0.139,0.249,0.215,-0.535,0.245,-0.092,-0.641,0.08,-0.312,0.778,1.0,0.607,-0.333,-0.349,-0.085
14,B2_3,0.161,-0.356,-0.19,-0.295,-0.258,0.237,-0.017,-0.411,0.081,-0.484,0.599,0.607,1.0,-0.148,-0.371,0.041
14,y1,0.154,0.28,-0.033,0.404,0.257,-0.458,-0.411,0.125,-0.371,0.195,-0.367,-0.333,-0.148,1.0,0.117,0.619
14,y2,-0.6,0.277,0.203,-0.133,0.664,0.17,0.278,0.011,-0.437,0.145,-0.284,-0.349,-0.371,0.117,1.0,0.614
14,y3,0.009,0.455,0.139,-0.031,0.305,-0.379,-0.265,-0.145,-0.603,0.206,-0.123,-0.085,0.041,0.619,0.614,1.0
16,.,1.0,0.529,-0.01,0.257,0.229,-0.007,0.112,0.474,-0.04,0.589,-0.545,-0.516,-0.564,-0.797,-0.563,-0.62
16,A1_1,0.529,1.0,0.282,0.665,-0.139,-0.176,-0.368,0.661,0.165,0.567,-0.368,-0.7,-0.565,-0.453,0.025,-0.393
16,A1_2,-0.01,0.282,1.0,0.577,-0.727,-0.193,-0.379,0.099,-0.057,-0.219,-0.268,-0.164,-0.448,-0.116,0.055,-0.092
16,A1_3,0.257,0.665,0.577,1.0,-0.095,-0.096,-0.055,0.452,-0.308,-0.031,-0.662,-0.376,-0.571,-0.418,0.394,-0.055
16,B1_1,0.229,-0.139,-0.727,-0.095,1.0,0.316,0.75,-0.105,-0.472,-0.073,-0.252,-0.089,0.15,-0.222,-0.109,0.078
16,B1_2,-0.007,-0.176,-0.193,-0.096,0.316,1.0,0.62,0.197,-0.656,0.128,-0.146,0.207,0.202,0.051,-0.196,-0.556
16,B1_3,0.112,-0.368,-0.379,-0.055,0.75,0.62,1.0,-0.088,-0.709,-0.168,-0.378,0.037,-0.056,-0.267,-0.093,-0.107
16,A2_1,0.474,0.661,0.099,0.452,-0.105,0.197,-0.088,1.0,-0.129,0.768,-0.338,-0.456,-0.329,-0.191,0.17,-0.614
16,A2_2,-0.04,0.165,-0.057,-0.308,-0.472,-0.656,-0.709,-0.129,1.0,0.318,0.396,-0.06,-0.069,0.017,0.003,0.21
16,A2_3,0.589,0.567,-0.219,-0.031,-0.073,0.128,-0.168,0.768,0.318,1.0,-0.094,-0.444,-0.285,-0.297,-0.21,-0.69
16,B2_1,-0.545,-0.368,-0.268,-0.662,-0.252,-0.146,-0.378,-0.338,0.396,-0.094,1.0,0.47,0.469,0.599,-0.01,0.151
16,B2_2,-0.516,-0.7,-0.164,-0.376,-0.089,0.207,0.037,-0.456,-0.06,-0.444,0.47,1.0,0.5,0.382,0.155,0.219
16,B2_3,-0.564,-0.565,-0.448,-0.571,0.15,0.202,-0.056,-0.329,-0.069,-0.285,0.469,0.5,1.0,0.839,0.077,0.337
16,y1,-0.797,-0.453,-0.116,-0.418,-0.222,0.051,-0.267,-0.191,0.017,-0.297,0.599,0.382,0.839,1.0,0.352,0.39
16,y2,-0.563,0.025,0.055,0.394,-0.109,-0.196,-0.093,0.17,0.003,-0.21,-0.01,0.155,0.077,0.352,1.0,0.55
16,y3,-0.62,-0.393,-0.092,-0.055,0.078,-0.556,-0.107,-0.614,0.21,-0.69,0.151,0.219,0.337,0.39,0.55,1.0
18,.,1.0,0.696,0.434,0.691,-0.293,0.081,-0.397,0.603,-0.094,-0.113,-0.432,-0.519,-0.399,-0.694,-0.534,-0.691
18,A1_1,0.696,1.0,0.816,0.74,-0.409,0.12,-0.761,0.697,-0.187,0.076,-0.7,-0.507,-0.441,-0.306,-0.211,-0.305
18,A1_2,0.434,0.816,1.0,0.675,-0.305,-0.322,-0.482,0.692,-0.284,0.197,-0.472,-0.104,-0.377,-0.004,0.202,-0.181
18,A1_3,0.691,0.74,0.675,1.0,-0.137,0.099,-0.281,0.364,-0.389,-0.346,-0.509,-0.538,-0.569,-0.397,-0.308,-0.083
18,B1_1,-0.293,-0.409,-0.305,-0.137,1.0,0.24,0.703,-0.594,-0.158,-0.252,-0.165,0.187,-0.291,-0.116,0.058,0.143
18,B1_2,0.081,0.12,-0.322,0.099,0.24,1.0,-0.286,-0.382,-0.405,-0.635,-0.222,-0.397,0.1,-0.532,-0.578,0.275
18,B1_3,-0.397,-0.761,-0.482,-0.281,0.703,-0.286,1.0,-0.569,0.168,-0.071,0.304,0.318,-0.146,0.183,0.19,0.116
18,A2_1,0.603,0.697,0.692,0.364,-0.594,-0.382,-0.569,1.0,0.051,0.455,-0.278,-0.204,-0.154,-0.176,-0.099,-0.508
18,A2_2,-0.094,-0.187,-0.284,-0.389,-0.158,-0.405,0.168,0.051,1.0,0.734,-0.147,-0.154,-0.298,0.459,0.159,-0.376
18,A2_3,-0.113,0.076,0.197,-0.346,-0.252,-0.635,-0.071,0.455,0.734,1.0,-0.143,0.02,-0.146,0.458,0.337,-0.406
18,B2_1,-0.432,-0.7,-0.472,-0.509,-0.165,-0.222,0.304,-0.278,-0.147,-0.143,1.0,0.453,0.837,0.1,0.042,0.249
18,B2_2,-0.519,-0.507,-0.104,-0.538,0.187,-0.397,0.318,-0.204,-0.154,0.02,0.453,1.0,0.411,0.455,0.763,0.163
18,B2_3,-0.399,-0.441,-0.377,-0.569,-0.291,0.1,-0.146,-0.154,-0.298,-0.146,0.837,0.411,1.0,-0.021,-0.028,0.263
18,y1,-0.694,-0.306,-0.004,-0.397,-0.116,-0.532,0.183,-0.176,0.459,0.458,0.1,0.455,-0.021,1.0,0.82,0.393
18,y2,-0.534,-0.211,0.202,-0.308,0.058,-0.578,0.19,-0.099,0.159,0.337,0.042,0.763,-0.028,0.82,1.0,0.228
18,y3,-0.691,-0.305,-0.181,-0.083,0.143,0.275,0.116,-0.508,-0.376,-0.406,0.249,0.163,0.263,0.393,0.228,1.0
20,.,1.0,-0.196,0.264,-0.24,0.104,-0.402,-0.297,0.774,0.266,0.342,-0.148,-0.332,-0.249,-0.41,-0.514,-0.678
20,A1_1,-0.196,1.0,0.255,0.842,-0.695,-0.546,-0.472,-0.1,-0.057,-0.294,-0.219,-0.131,-0.168,-0.433,-0.124,-0.199
20,A1_2,0.264,0.255,1.0,-0.055,0.015,-0.074,-0.309,0.284,-0.239,-0.582,-0.591,-0.278,-0.431,-0.041,-0.188,-0.292
20,A1_3,-0.24,0.842,-0.055,1.0,-0.574,-0.313,-0.043,-0.24,-0.277,-0.194,0.023,-0.056,0.07,-0.256,-0.138,0.072
20,B1_1,0.104,-0.695,0.015,-0.574,1.0,0.743,0.631,-0.188,-0.474,-0.202,-0.003,-0.004,0.089,0.36,-0.222,0.092
20,B1_2,-0.402,-0.546,-0.074,-0.313,0.743,1.0,0.815,-0.537,-0.6,-0.378,-0.089,-0.045,0.061,0.577,-0.029,0.515
20,B1_3,-0.297,-0.472,-0.309,-0.043,0.631,0.815,1.0,-0.618,-0.733,-0.301,0.385,0.306,0.507,0.618,0.051,0.648
20,A2_1,0.774,-0.1,0.284,-0.24,-0.188,-0.537,-0.618,1.0,0.612,0.587,-0.33,-0.453,-0.462,-0.389,-0.236,-0.609
20,A2_2,0.266,-0.057,-0.239,-0.277,-0.474,-0.6,-0.733,0.612,1.0,0.726,-0.044,-0.16,-0.271,-0.377,0.194,-0.386
20,A2_3,0.342,-0.294,-0.582,-0.194,-0.202,-0.378,-0.301,0.587,0.726,1.0,0.167,-0.149,-0.079,-0.298,-0.018,-0.255
20,B2_1,-0.148,-0.219,-0.591,0.023,-0.003,-0.089,0.385,-0.33,-0.044,0.167,1.0,0.882,0.95,0.419,0.593,0.523
20,B2_2,-0.332,-0.131,-0.278,-0.056,-0.004,-0.045,0.306,-0.453,-0.16,-0.149,0.882,1.0,0.892,0.485,0.738,0.554
20,B2_3,-0.249,-0.168,-0.431,0.07,0.089,0.061,0.507,-0.462,-0.271,-0.079,0.95,0.892,1.0,0.612,0.615,0.675
20,y1,-0.41,-0.433,-0.041,-0.256,0.36,0.577,0.618,-0.389,-0.377,-0.298,0.419,0.485,0.612,1.0,0.637,0.889
20,y2,-0.514,-0.124,-0.188,-0.138,-0.222,-0.029,0.051,-0.236,0.194,-0.018,0.593,0.738,0.615,0.637,1.0,0.689
20,y3,-0.678,-0.199,-0.292,0.072,0.092,0.515,0.648,-0.609,-0.386,-0.255,0.523,0.554,0.675,0.889,0.689,1.0
22,.,1.0,-0.026,0.305,0.419,-0.175,-0.119,-0.486,-0.046,0.175,-0.221,0.202,0.156,-0.222,-0.398,-0.522,-0.851
22,A1_1,-0.026,1.0,0.56,0.603,0.266,-0.518,-0.516,-0.035,0.079,0.134,-0.751,-0.736,-0.649,0.224,0.213,0.117
22,A1_2,0.305,0.56,1.0,0.535,0.38,-0.047,-0.079,-0.429,0.251,-0.079,-0.32,-0.753,-0.296,-0.182,0.323,0.022
22,A1_3,0.419,0.603,0.535,1.0,-0.229,-0.568,-0.668,-0.083,-0.025,0.028,-0.201,-0.175,-0.452,0.238,0.229,-0.084
22,B1_1,-0.175,0.266,0.38,-0.229,1.0,0.389,0.457,-0.584,-0.373,-0.553,-0.331,-0.574,-0.317,-0.346,0.406,0.11
22,B1_2,-0.119,-0.518,-0.047,-0.568,0.389,1.0,0.807,-0.156,-0.063,-0.081,0.019,-0.02,0.004,-0.027,-0.035,0.108
22,B1_3,-0.486,-0.516,-0.079,-0.668,0.457,0.807,1.0,-0.418,-0.186,-0.184,0.147,-0.04,0.363,-0.122,0.305,0.399
22,A2_1,-0.046,-0.035,-0.429,-0.083,-0.584,-0.156,-0.418,1.0,0.561,0.744,-0.043,0.147,-0.105,0.471,-0.464,0.038
22,A2_2,0.175,0.079,0.251,-0.025,-0.373,-0.063,-0.186,0.561,1.0,0.761,-0.031,-0.341,0.124,0.115,-0.443,-0.039
22,A2_3,-0.221,0.134,-0.079,0.028,-0.553,-0.081,-0.184,0.744,0.761,1.0,-0.174,-0.169,0.036,0.701,-0.285,0.351
22,B2_1,0.202,-0.751,-0.32,-0.201,-0.331,0.019,0.147,-0.043,-0.031,-0.174,1.0,0.68,0.762,-0.233,0.013,-0.095
22,B2_2,0.156,-0.736,-0.753,-0.175,-0.574,-0.02,-0.04,0.147,-0.341,-0.169,0.68,1.0,0.446,-0.019,-0.271,-0.273
22,B2_3,-0.222,-0.649,-0.296,-0.452,-0.317,0.004,0.363,-0.105,0.124,0.036,0.762,0.446,1.0,-0.194,0.056,0.19
22,y1,-0.398,0.224,-0.182,0.238,-0.346,-0.027,-0.122,0.471,0.115,0.701,-0.233,-0.019,-0.194,1.0,0.127,0.588
22,y2,-0.522,0.213,0.323,0.229,0.406,-0.035,0.305,-0.464,-0.443,-0.285,0.013,-0.271,0.056,0.127,1.0,0.726
22,y3,-0.851,0.117,0.022,-0.084,0.11,0.108,0.399,0.038,-0.039,0.351,-0.095,-0.273,0.19,0.588,0.726,1.0
24,.,1.0,0.155,0.359,-0.041,0.181,0.34,-0.625,0.22,0.059,-0.072,-0.402,-0.454,-0.296,-0.646,-0.823,-0.586
24,A1_1,0.155,1.0,0.773,0.476,0.049,-0.235,-0.079,-0.364,-0.314,-0.398,-0.084,-0.282,-0.053,0.394,-0.335,-0.135
24,A1_2,0.359,0.773,1.0,0.318,-0.279,-0.275,-0.455,0.163,-0.112,-0.183,-0.032,-0.452,-0.384,0.006,-0.289,-0.217
24,A1_3,-0.041,0.476,0.318,1.0,-0.299,-0.702,0.07,-0.169,0.162,-0.058,-0.075,-0.21,-0.056,0.739,-0.147,-0.291
24,B1_1,0.181,0.049,-0.279,-0.299,1.0,0.762,0.135,-0.463,-0.628,-0.43,-0.173,-0.072,0.177,-0.185,-0.303,-0.213
24,B1_2,0.34,-0.235,-0.275,-0.702,0.762,1.0,-0.102,-0.247,-0.591,-0.3,-0.249,-0.079,0.1,-0.634,-0.179,-0.07
24,B1_3,-0.625,-0.079,-0.455,0.07,0.135,-0.102,1.0,-0.542,0.108,0.102,0.45,0.546,0.626,0.482,0.423,0.034
24,A2_1,0.22,-0.364,0.163,-0.169,-0.463,-0.247,-0.542,1.0,0.533,0.661,-0.181,-0.407,-0.737,-0.443,-0.104,0.119
24,A2_2,0.059,-0.314,-0.112,0.162,-0.628,-0.591,0.108,0.533,1.0,0.659,0.209,0.154,-0.111,-0.048,-0.028,-0.09
24,A2_3,-0.072,-0.398,-0.183,-0.058,-0.43,-0.3,0.102,0.661,0.659,1.0,-0.272,-0.26,-0.427,-0.136,-0.048,0.203
24,B2_1,-0.402,-0.084,-0.032,-0.075,-0.173,-0.249,0.45,-0.181,0.209,-0.272,1.0,0.799,0.614,0.13,0.492,-0.22
24,B2_2,-0.454,-0.282,-0.452,-0.21,-0.072,-0.079,0.546,-0.407,0.154,-0.26,0.799,1.0,0.877,0.133,0.442,-0.042
24,B2_3,-0.296,-0.053,-0.384,-0.056,0.177,0.1,0.626,-0.737,-0.111,-0.427,0.614,0.877,1.0,0.206,0.215,-0.26
24,y1,-0.646,0.394,0.006,0.739,-0.185,-0.634,0.482,-0.443,-0.048,-0.136,0.13,0.133,0.206,1.0,0.355,0.221
24,y2,-0.823,-0.335,-0.289,-0.147,-0.303,-0.179,0.423,-0.104,-0.028,-0.048,0.492,0.442,0.215,0.355,1.0,0.564
24,y3,-0.586,-0.135,-0.217,-0.291,-0.213,-0.07,0.034,0.119,-0.09,0.203,-0.22,-0.042,-0.26,0.221,0.564,1.0
26,.,1.0,-0.379,-0.78,-0.668,0.153,0.442,0.229,0.384,-0.231,0.222,-0.014,0.171,0.181,-0.84,-0.579,-0.338
26,A1_1,-0.379,1.0,0.415,0.496,-0.283,-0.207,-0.124,0.015,0.106,0.201,-0.335,-0.42,-0.494,0.096,0.415,0.024
26,A1_2,-0.78,0.415,1.0,0.968,0.142,-0.39,0.09,-0.375,0.073,-0.191,-0.277,-0.442,-0.575,0.67,0.511,-0.059
26,A1_3,-0.668,0.496,0.968,1.0,0.149,-0.288,0.119,-0.4,0.026,-0.27,-0.367,-0.418,-0.601,0.581,0.497,-0.179
26,B1_1,0.153,-0.283,0.142,0.149,1.0,0.554,0.8,0.22,-0.485,-0.271,-0.656,-0.301,-0.172,0.151,0.257,0.119
26,B1_2,0.442,-0.207,-0.39,-0.288,0.554,1.0,0.675,-0.114,-0.705,-0.46,-0.295,0.139,0.372,-0.033,-0.145,0.013
26,B1_3,0.229,-0.124,0.09,0.119,0.8,0.675,1.0,0.006,-0.698,-0.091,-0.413,-0.201,-0.24,0.066,-0.099,-0.194
26,A2_1,0.384,0.015,-0.375,-0.4,0.22,-0.114,0.006,1.0,0.162,0.493,-0.34,-0.165,-0.132,-0.583,0.113,0.392
26,A2_2,-0.231,0.106,0.073,0.026,-0.485,-0.705,-0.698,0.162,1.0,0.287,-0.002,-0.182,-0.291,0.09,0.421,0.14
26,A2_3,0.222,0.201,-0.191,-0.27,-0.271,-0.46,-0.091,0.493,0.287,1.0,0.171,-0.316,-0.458,-0.485,-0.244,-0.156
26,B2_1,-0.014,-0.335,-0.277,-0.367,-0.656,-0.295,-0.413,-0.34,-0.002,0.171,1.0,0.653,0.48,-0.141,-0.712,-0.247
26,B2_2,0.171,-0.42,-0.442,-0.418,-0.301,0.139,-0.201,-0.165,-0.182,-0.316,0.653,1.0,0.654,-0.203,-0.543,-0.168
26,B2_3,0.181,-0.494,-0.575,-0.601,-0.172,0.372,-0.24,-0.132,-0.291,-0.458,0.48,0.654,1.0,-0.075,-0.356,0.365
26,y1,-0.84,0.096,0.67,0.581,0.151,-0.033,0.066,-0.583,0.09,-0.485,-0.141,-0.203,-0.075,1.0,0.599,0.295
26,y2,-0.579,0.415,0.511,0.497,0.257,-0.145,-0.099,0.113,0.421,-0.244,-0.712,-0.543,-0.356,0.599,1.0,0.543
26,y3,-0.338,0.024,-0.059,-0.179,0.119,0.013,-0.194,0.392,0.14,-0.156,-0.247,-0.168,0.365,0.295,0.543,1.0
28,.,1.0,0.482,0.441,-0.144,0.042,0.294,0.006,0.282,0.011,-0.414,-0.423,-0.414,-0.442,-0.78,-0.376,-0.843
28,A1_1,0.482,1.0,0.642,0.377,0.056,-0.264,-0.352,0.288,-0.04,-0.549,-0.033,-0.291,-0.215,-0.447,-0.562,-0.033
28,A1_2,0.441,0.642,1.0,0.496,-0.471,-0.008,-0.158,0.019,-0.141,-0.355,-0.389,0.037,0.115,-0.13,0.096,0.029
28,A1_3,-0.144,0.377,0.496,1.0,-0.351,-0.316,-0.448,-0.149,-0.398,-0.259,-0.036,-0.252,-0.139,0.114,0.357,0.422
28,B1_1,0.042,0.056,-0.471,-0.351,1.0,0.466,0.412,-0.135,-0.195,-0.261,0.041,-0.129,-0.332,-0.131,-0.305,-0.223
28,B1_2,0.294,-0.264,-0.008,-0.316,0.466,1.0,0.725,-0.538,-0.461,-0.329,-0.436,0.153,-0.008,0.041,0.339,-0.462
28,B1_3,0.006,-0.352,-0.158,-0.448,0.412,0.725,1.0,-0.559,-0.356,-0.16,-0.44,0.047,-0.059,0.412,0.278,-0.21
28,A2_1,0.282,0.288,0.019,-0.149,-0.135,-0.538,-0.559,1.0,0.789,0.505,-0.12,-0.291,-0.283,-0.415,-0.421,-0.075
28,A2_2,0.011,-0.04,-0.141,-0.398,-0.195,-0.461,-0.356,0.789,1.0,0.568,0.088,0.026,-0.012,-0.138,-0.309,0.064
28,A2_3,-0.414,-0.549,-0.355,-0.259,-0.261,-0.329,-0.16,0.505,0.568,1.0,-0.101,0.22,0.178,0.293,0.275,0.31
28,B2_1,-0.423,-0.033,-0.389,-0.036,0.041,-0.436,-0.44,-0.12,0.088,-0.101,1.0,0.363,0.395,-0.128,-0.447,0.247
28,B2_2,-0.414,-0.291,0.037,-0.252,-0.129,0.153,0.047,-0.291,0.026,0.22,0.363,1.0,0.942,0.303,0.159,0.36
28,B2_3,-0.442,-0.215,0.115,-0.139,-0.332,-0.008,-0.059,-0.283,-0.012,0.178,0.395,0.942,1.0,0.364,0.139,0.447
28,y1,-0.78,-0.447,-0.13,0.114,-0.131,0.041,0.412,-0.415,-0.138,0.293,-0.128,0.303,0.364,1.0,0.64,0.741
28,y2,-0.376,-0.562,0.096,0.357,-0.305,0.339,0.278,-0.421,-0.309,0.275,-0.447,0.159,0.139,0.64,1.0,0.314
28,y3,-0.843,-0.033,0.029,0.422,-0.223,-0.462,-0.21,-0.075,0.064,0.31,0.247,0.36,0.447,0.741,0.314,1.0
30,.,1.0,-0.058,-0.408,-0.508,0.479,-0.336,-0.205,0.433,0.331,0.362,0.194,0.229,0.23,-0.419,-0.652,-0.492
30,A1_1,-0.058,1.0,0.62,0.683,-0.084,-0.158,-0.184,-0.441,-0.401,-0.252,0.048,0.04,-0.137,0.042,-0.108,-0.412
30,A1_2,-0.408,0.62,1.0,0.888,-0.679,-0.074,-0.212,-0.232,-0.355,-0.003,-0.281,-0.127,-0.306,0.457,0.049,0.181
30,A1_3,-0.508,0.683,0.888,1.0,-0.653,-0.128,-0.014,-0.574,-0.434,-0.126,-0.068,0.04,-0.126,0.191,0.108,0.208
30,B1_1,0.479,-0.084,-0.679,-0.653,1.0,0.331,0.412,0.143,-0.042,-0.329,-0.086,-0.163,-0.15,-0.559,-0.292,-0.364
30,B1_2,-0.336,-0.158,-0.074,-0.128,0.331,1.0,0.69,-0.093,-0.328,-0.696,-0.44,-0.883,-0.627,-0.095,0.111,0.26
30,B1_3,-0.205,-0.184,-0.212,-0.014,0.412,0.69,1.0,-0.389,-0.464,-0.611,-0.23,-0.418,-0.335,-0.555,-0.021,0.444
30,A2_1,0.433,-0.441,-0.232,-0.574,0.143,-0.093,-0.389,1.0,0.387,0.662,-0.349,0.031,-0.061,0.193,-0.365,0.012
30,A2_2,0.331,-0.401,-0.355,-0.434,-0.042,-0.328,-0.464,0.387,1.0,0.473,-0.108,0.066,0.022,-0.14,0.006,-0.486
30,A2_3,0.362,-0.252,-0.003,-0.126,-0.329,-0.696,-0.611,0.662,0.473,1.0,-0.013,0.619,0.417,0.092,-0.408,0.064
30,B2_1,0.194,0.048,-0.281,-0.068,-0.086,-0.44,-0.23,-0.349,-0.108,-0.013,1.0,0.538,0.822,0.068,0.135,-0.134
30,B2_2,0.229,0.04,-0.127,0.04,-0.163,-0.883,-0.418,0.031,0.066,0.619,0.538,1.0,0.799,-0.032,-0.153,0.004
30,B2_3,0.23,-0.137,-0.306,-0.126,-0.15,-0.627,-0.335,-0.061,0.022,0.417,0.822,0.799,1.0,0.006,-0.174,0.054
30,y1,-0.419,0.042,0.457,0.191,-0.559,-0.095,-0.555,0.193,-0.14,0.092,0.068,-0.032,0.006,1.0,0.498,0.185
30,y2,-0.652,-0.108,0.049,0.108,-0.292,0.111,-0.021,-0.365,0.006,-0.408,0.135,-0.153,-0.174,0.498,1.0,0.078
30,y3,-0.492,-0.412,0.181,0.208,-0.364,0.26,0.444,0.012,-0.486,0.064,-0.134,0.004,0.054,0.185,0.078,1.0
32,.,1.0,-0.143,-0.334,-0.273,0.127,0.188,-0.275,-0.474,-0.13,0.394,0.063,-0.361,0.114,-0.881,-0.824,-0.886
32,A1_1,-0.143,1.0,0.686,0.795,0.06,-0.656,-0.058,0.057,0.06,-0.161,-0.032,-0.272,-0.196,-0.169,0.152,-0.089
32,A1_2,-0.334,0.686,1.0,0.811,0.054,-0.321,0.129,0.351,0.125,-0.282,-0.243,0.044,-0.262,0.103,0.249,0.165
32,A1_3,-0.273,0.795,0.811,1.0,-0.05,-0.5,0.002,0.063,0.083,-0.183,-0.241,-0.363,-0.5,0.005,0.328,0.003
32,B1_1,0.127,0.06,0.054,-0.05,1.0,0.591,0.693,-0.354,-0.593,-0.564,-0.247,-0.197,-0.333,0.014,-0.254,-0.05
32,B1_2,0.188,-0.656,-0.321,-0.5,0.591,1.0,0.371,-0.275,-0.435,-0.294,-0.409,0.069,-0.168,0.198,-0.187,0.101
32,B1_3,-0.275,-0.058,0.129,0.002,0.693,0.371,1.0,-0.191,-0.373,-0.497,-0.066,-0.063,-0.252,0.334,-0.068,0.336
32,A2_1,-0.474,0.057,0.351,0.063,-0.354,-0.275,-0.191,1.0,0.781,0.34,-0.086,0.267,-0.073,0.186,0.428,0.294
32,A2_2,-0.13,0.06,0.125,0.083,-0.593,-0.435,-0.373,0.781,1.0,0.796,-0.095,-0.186,-0.182,-0.199,0.198,-0.045
32,A2_3,0.394,-0.161,-0.282,-0.183,-0.564,-0.294,-0.497,0.34,0.796,1.0,-0.071,-0.399,-0.089,-0.581,-0.158,-0.438
32,B2_1,0.063,-0.032,-0.243,-0.241,-0.247,-0.409,-0.066,-0.086,-0.095,-0.071,1.0,0.402,0.705,-0.127,-0.42,-0.208
32,B2_2,-0.361,-0.272,0.044,-0.363,-0.197,0.069,-0.063,0.267,-0.186,-0.399,0.402,1.0,0.762,0.507,0.131,0.491
32,B2_3,0.114,-0.196,-0.262,-0.5,-0.333,-0.168,-0.252,-0.073,-0.182,-0.089,0.705,0.762,1.0,0.015,-0.314,0.041
32,y1,-0.881,-0.169,0.103,0.005,0.014,0.198,0.334,0.186,-0.199,-0.581,-0.127,0.507,0.015,1.0,0.725,0.952
32,y2,-0.824,0.152,0.249,0.328,-0.254,-0.187,-0.068,0.428,0.198,-0.158,-0.42,0.131,-0.314,0.725,1.0,0.751
32,y3,-0.886,-0.089,0.165,0.003,-0.05,0.101,0.336,0.294,-0.045,-0.438,-0.208,0.491,0.041,0.952,0.751,1.0
34,.,1.0,0.077,-0.002,0.184,0.169,0.341,0.266,0.076,0.199,0.133,-0.537,-0.454,-0.57,-0.592,-0.587,-0.583
34,A1_1,0.077,1.0,0.566,0.555,-0.299,-0.563,-0.362,0.423,0.267,-0.226,0.019,-0.172,-0.314,0.11,-0.16,0.465
34,A1_2,-0.002,0.566,1.0,0.747,-0.28,-0.451,-0.11,0.178,-0.131,-0.312,0.121,-0.237,-0.208,0.109,-0.033,-0.025
34,A1_3,0.184,0.555,0.747,1.0,-0.13,-0.29,-0.158,0.394,0.139,-0.111,0.06,-0.385,-0.567,-0.449,0.012,-0.326
34,B1_1,0.169,-0.299,-0.28,-0.13,1.0,0.752,0.91,-0.695,-0.273,-0.531,-0.401,-0.086,0.139,-0.213,0.203,-0.18
34,B1_2,0.341,-0.563,-0.451,-0.29,0.752,1.0,0.796,-0.515,-0.163,-0.237,-0.66,-0.377,-0.086,-0.207,0.316,-0.402
34,B1_3,0.266,-0.362,-0.11,-0.158,0.91,0.796,1.0,-0.781,-0.374,-0.611,-0.503,-0.195,0.143,-0.108,0.201,-0.273
34,A2_1,0.076,0.423,0.178,0.394,-0.695,-0.515,-0.781,1.0,0.431,0.485,0.184,-0.407,-0.697,-0.123,-0.101,-0.04
34,A2_2,0.199,0.267,-0.131,0.139,-0.273,-0.163,-0.374,0.431,1.0,0.633,-0.443,-0.147,-0.343,-0.379,-0.042,-0.049
34,A2_3,0.133,-0.226,-0.312,-0.111,-0.531,-0.237,-0.611,0.485,0.633,1.0,0.014,0.163,-0.143,-0.336,-0.347,-0.275
34,B2_1,-0.537,0.019,0.121,0.06,-0.401,-0.66,-0.503,0.184,-0.443,0.014,1.0,0.569,0.334,0.184,-0.154,0.226
34,B2_2,-0.454,-0.172,-0.237,-0.385,-0.086,-0.377,-0.195,-0.407,-0.147,0.163,0.569,1.0,0.859,0.179,-0.292,0.383
34,B2_3,-0.57,-0.314,-0.208,-0.567,0.139,-0.086,0.143,-0.697,-0.343,-0.143,0.334,0.859,1.0,0.486,0.017,0.482
34,y1,-0.592,0.11,0.109,-0.449,-0.213,-0.207,-0.108,-0.123,-0.379,-0.336,0.184,0.179,0.486,1.0,0.275,0.776
34,y2,-0.587,-0.16,-0.033,0.012,0.203,0.316,0.201,-0.101,-0.042,-0.347,-0.154,-0.292,0.017,0.275,1.0,0.16
34,y3,-0.583,0.465,-0.025,-0.326,-0.18,-0.402,-0.273,-0.04,-0.049,-0.275,0.226,0.383,0.482,0.776,0.16,1.0
36,.,1.0,-0.111,-0.564,0.149,-0.109,-0.148,0.327,-0.039,0.372,-0.259,0.401,0.625,0.347,-0.782,-0.387,-0.212
36,A1_1,-0.111,1.0,0.575,0.751,-0.167,-0.556,-0.782,0.499,-0.067,0.095,0.012,-0.395,-0.595,0.006,0.178,0.331
36,A1_2,-0.564,0.575,1.0,0.458,0.121,-0.277,-0.574,0.103,-0.388,-0.267,0.12,-0.274,-0.506,0.568,0.248,0.563
36,A1_3,0.149,0.751,0.458,1.0,-0.014,-0.478,-0.619,-0.057,-0.227,-0.248,-0.15,-0.364,-0.659,-0.147,0.275,0.281
36,B1_1,-0.109,-0.167,0.121,-0.014,1.0,0.29,0.543,-0.282,-0.46,-0.485,-0.331,0.009,-0.425,0.164,-0.48,-0.347
36,B1_2,-0.148,-0.556,-0.277,-0.478,0.29,1.0,0.533,-0.504,-0.317,0.114,-0.158,-0.018,0.166,0.152,-0.36,-0.642
36,B1_3,0.327,-0.782,-0.574,-0.619,0.543,0.533,1.0,-0.338,0.037,-0.292,-0.004,0.488,0.384,-0.301,-0.711,-0.582
36,A2_1,-0.039,0.499,0.103,-0.057,-0.282,-0.504,-0.338,1.0,0.572,0.504,0.181,-0.038,-0.034,0.006,-0.014,0.079
36,A2_2,0.372,-0.067,-0.388,-0.227,-0.46,-0.317,0.037,0.572,1.0,0.311,0.181,0.188,0.515,-0.46,-0.006,-0.241
36,A2_3,-0.259,0.095,-0.267,-0.248,-0.485,0.114,-0.292,0.504,0.311,1.0,-0.308,-0.471,-0.046,0.181,0.296,-0.227
36,B2_1,0.401,0.012,0.12,-0.15,-0.331,-0.158,-0.004,0.181,0.181,-0.308,1.0,0.822,0.583,-0.11,-0.226,0.397
36,B2_2,0.625,-0.395,-0.274,-0.364,0.009,-0.018,0.488,-0.038,0.188,-0.471,0.822,1.0,0.677,-0.284,-0.443,0.121
36,B2_3,0.347,-0.595,-0.506,-0.659,-0.425,0.166,0.384,-0.034,0.515,-0.046,0.583,0.677,1.0,-0.297,-0.136,-0.062
36,y1,-0.782,0.006,0.568,-0.147,0.164,0.152,-0.301,0.006,-0.46,0.181,-0.11,-0.284,-0.297,1.0,0.474,0.351
36,y2,-0.387,0.178,0.248,0.275,-0.48,-0.36,-0.711,-0.014,-0.006,0.296,-0.226,-0.443,-0.136,0.474,1.0,0.519
36,y3,-0.212,0.331,0.563,0.281,-0.347,-0.642,-0.582,0.079,-0.241,-0.227,0.397,0.121,-0.062,0.351,0.519,1.0
38,.,1.0,-0.249,0.385,0.121,0.053,0.142,0.685,0.198,0.055,0.536,-0.194,0.228,-0.03,-0.651,-0.779,-0.638
38,A1_1,-0.249,1.0,0.367,0.222,-0.538,-0.695,-0.44,0.141,0.576,0.406,-0.254,-0.216,-0.497,0.011,0.317,-0.218
38,A1_2,0.385,0.367,1.0,0.726,-0.276,-0.147,0.074,-0.142,0.132,0.151,-0.667,0.038,-0.635,-0.228,-0.381,-0.502
38,A1_3,0.121,0.222,0.726,1.0,-0.471,-0.265,-0.227,0.024,0.132,0.033,-0.673,0.193,-0.667,0.027,-0.23,-0.257
38,B1_1,0.053,-0.538,-0.276,-0.471,1.0,0.779,0.694,-0.297,-0.634,-0.577,0.063,-0.407,0.151,-0.203,-0.075,0.404
38,B1_2,0.142,-0.695,-0.147,-0.265,0.779,1.0,0.604,-0.248,-0.466,-0.436,-0.173,-0.381,0.054,-0.171,-0.257,0.353
38,B1_3,0.685,-0.44,0.074,-0.227,0.694,0.604,1.0,0.194,-0.27,0.047,-0.257,-0.356,-0.016,-0.62,-0.523,-0.047
38,A2_1,0.198,0.141,-0.142,0.024,-0.297,-0.248,0.194,1.0,0.494,0.559,-0.297,-0.335,-0.068,-0.254,-0.001,0.064
38,A2_2,0.055,0.576,0.132,0.132,-0.634,-0.466,-0.27,0.494,1.0,0.61,-0.216,-0.09,-0.439,-0.225,0.289,-0.079
38,A2_3,0.536,0.406,0.151,0.033,-0.577,-0.436,0.047,0.559,0.61,1.0,-0.109,0.09,-0.042,-0.366,-0.369,-0.622
38,B2_1,-0.194,-0.254,-0.667,-0.673,0.063,-0.173,-0.257,-0.297,-0.216,-0.109,1.0,0.527,0.83,0.27,0.247,0.005
38,B2_2,0.228,-0.216,0.038,0.193,-0.407,-0.381,-0.356,-0.335,-0.09,0.09,0.527,1.0,0.373,0.057,-0.145,-0.546
38,B2_3,-0.03,-0.497,-0.635,-0.667,0.151,0.054,-0.016,-0.068,-0.439,-0.042,0.83,0.373,1.0,0.27,-0.063,-0.028
38,y1,-0.651,0.011,-0.228,0.027,-0.203,-0.171,-0.62,-0.254,-0.225,-0.366,0.27,0.057,0.27,1.0,0.153,0.458
38,y2,-0.779,0.317,-0.381,-0.23,-0.075,-0.257,-0.523,-0.001,0.289,-0.369,0.247,-0.145,-0.063,0.153,1.0,0.504
38,y3,-0.638,-0.218,-0.502,-0.257,0.404,0.353,-0.047,0.064,-0.079,-0.622,0.005,-0.546,-0.028,0.458,0.504,1.0
40,.,1.0,-0.401,-0.336,-0.288,0.315,-0.136,-0.045,0.06,0.132,0.195,0.089,0.164,0.184,-0.542,-0.551,-0.752
40,A1_1,-0.401,1.0,0.406,0.264,-0.468,-0.195,-0.389,0.425,-0.306,0.473,-0.401,-0.059,-0.328,-0.329,0.468,0.128
40,A1_2,-0.336,0.406,1.0,0.752,-0.154,0.173,-0.601,-0.337,-0.062,-0.384,-0.097,-0.627,-0.644,0.136,-0.063,0.168
40,A1_3,-0.288,0.264,0.752,1.0,-0.08,0.025,-0.525,-0.144,0.14,-0.231,-0.456,-0.673,-0.656,0.21,-0.175,0.136
40,B1_1,0.315,-0.468,-0.154,-0.08,1.0,0.775,0.514,-0.718,-0.499,-0.572,0.025,0.336,0.52,-0.233,-0.784,-0.661
40,B1_2,-0.136,-0.195,0.173,0.025,0.775,1.0,0.422,-0.717,-0.481,-0.611,0.003,0.08,0.203,-0.133,-0.36,-0.372
40,B1_3,-0.045,-0.389,-0.601,-0.525,0.514,0.422,1.0,-0.247,-0.114,-0.225,0.024,0.479,0.623,0.089,-0.13,-0.044
40,A2_1,0.06,0.425,-0.337,-0.144,-0.718,-0.717,-0.247,1.0,0.442,0.961,-0.408,-0.023,-0.264,-0.246,0.669,0.201
40,A2_2,0.132,-0.306,-0.062,0.14,-0.499,-0.481,-0.114,0.442,1.0,0.25,-0.153,-0.502,-0.477,0.3,0.307,0.401
40,A2_3,0.195,0.473,-0.384,-0.231,-0.572,-0.611,-0.225,0.961,0.25,1.0,-0.408,0.082,-0.178,-0.446,0.552,-0.04
40,B2_1,0.089,-0.401,-0.097,-0.456,0.025,0.003,0.024,-0.408,-0.153,-0.408,1.0,0.293,0.382,0.226,-0.088,0.058
40,B2_2,0.164,-0.059,-0.627,-0.673,0.336,0.08,0.479,-0.023,-0.502,0.082,0.293,1.0,0.943,-0.42,-0.052,-0.27
40,B2_3,0.184,-0.328,-0.644,-0.656,0.52,0.203,0.623,-0.264,-0.477,-0.178,0.382,0.943,1.0,-0.213,-0.258,-0.259
40,y1,-0.542,-0.329,0.136,0.21,-0.233,-0.133,0.089,-0.246,0.3,-0.446,0.226,-0.42,-0.213,1.0,0.105,0.754
40,y2,-0.551,0.468,-0.063,-0.175,-0.784,-0.36,-0.13,0.669,0.307,0.552,-0.088,-0.052,-0.258,0.105,1.0,0.65
40,y3,-0.752,0.128,0.168,0.136,-0.661,-0.372,-0.044,0.201,0.401,-0.04,0.058,-0.27,-0.259,0.754,0.65,1.0
42,.,1.0,-0.406,0.075,-0.215,0.057,0.202,0.251,0.061,-0.27,0.001,-0.054,-0.136,-0.035,-0.915,-0.661,-0.882
42,A1_1,-0.406,1.0,0.382,0.657,0.136,-0.326,-0.204,-0.074,0.303,-0.08,-0.273,-0.056,-0.186,0.201,0.349,0.223
42,A1_2,0.075,0.382,1.0,0.526,0.106,-0.423,-0.088,-0.417,-0.242,-0.08,-0.512,0.029,-0.01,-0.218,0.258,0.159
42,A1_3,-0.215,0.657,0.526,1.0,0.158,-0.08,-0.556,0.332,0.448,0.269,-0.226,-0.196,-0.287,-0.066,0.305,0.089
42,B1_1,0.057,0.136,0.106,0.158,1.0,0.372,0.542,-0.244,-0.432,-0.35,-0.659,-0.294,-0.109,-0.197,-0.191,0.048
42,B1_2,0.202,-0.326,-0.423,-0.08,0.372,1.0,-0.037,0.426,0.094,0.097,0.234,-0.278,0.118,-0.343,-0.241,-0.288
42,B1_3,0.251,-0.204,-0.088,-0.556,0.542,-0.037,1.0,-0.657,-0.825,-0.637,-0.634,-0.228,-0.186,-0.135,-0.199,-0.115
42,A2_1,0.061,-0.074,-0.417,0.332,-0.244,0.426,-0.657,1.0,0.815,0.797,0.643,-0.303,-0.2,-0.126,-0.078,-0.286
42,A2_2,-0.27,0.303,-0.242,0.448,-0.432,0.094,-0.825,0.815,1.0,0.713,0.669,-0.083,-0.135,0.239,0.24,0.013
42,A2_3,0.001,-0.08,-0.08,0.269,-0.35,0.097,-0.637,0.797,0.713,1.0,0.644,-0.248,-0.09,-0.009,0.054,0.007
42,B2_1,-0.054,-0.273,-0.512,-0.226,-0.659,0.234,-0.634,0.643,0.669,0.644,1.0,0.274,0.388,0.146,-0.143,-0.039
42,B2_2,-0.136,-0.056,0.029,-0.196,-0.294,-0.278,-0.228,-0.303,-0.083,-0.248,0.274,1.0,0.849,0.207,-0.365,0.259
42,B2_3,-0.035,-0.186,-0.01,-0.287,-0.109,0.118,-0.186,-0.2,-0.135,-0.09,0.388,0.849,1.0,0.024,-0.474,0.238
42,y1,-0.915,0.201,-0.218,-0.066,-0.197,-0.343,-0.135,-0.126,0.239,-0.009,0.146,0.207,0.024,1.0,0.61,0.843
42,y2,-0.661,0.349,0.258,0.305,-0.191,-0.241,-0.199,-0.078,0.24,0.054,-0.143,-0.365,-0.474,0.61,1.0,0.549
42,y3,-0.882,0.223,0.159,0.089,0.048,-0.288,-0.115,-0.286,0.013,0.007,-0.039,0.259,0.238,0.843,0.549,1.0
44,.,1.0,0.463,-0.155,0.149,0.041,-0.382,-0.133,0.311,0.579,0.595,-0.067,0.089,-0.221,-0.449,-0.509,-0.694
44,A1_1,0.463,1.0,0.387,0.787,-0.032,-0.604,-0.137,-0.167,-0.176,0.167,-0.198,0.027,-0.195,-0.606,-0.423,-0.529
44,A1_2,-0.155,0.387,1.0,0.406,-0.004,-0.154,0.003,-0.02,-0.421,-0.097,-0.327,-0.451,-0.359,-0.279,-0.018,0.014
44,A1_3,0.149,0.787,0.406,1.0,-0.199,-0.582,-0.008,-0.212,-0.423,0.131,-0.308,-0.271,-0.393,-0.32,-0.366,-0.011
44,B1_1,0.041,-0.032,-0.004,-0.199,1.0,0.608,0.679,-0.238,-0.175,-0.388,-0.092,0.187,-0.36,-0.718,-0.42,-0.414
44,B1_2,-0.382,-0.604,-0.154,-0.582,0.608,1.0,0.669,-0.369,-0.187,-0.648,-0.086,0.357,-0.135,-0.127,-0.191,0.279
44,B1_3,-0.133,-0.137,0.003,-0.008,0.679,0.669,1.0,-0.392,-0.467,-0.426,-0.634,-0.08,-0.651,-0.428,-0.345,0.079
44,A2_1,0.311,-0.167,-0.02,-0.212,-0.238,-0.369,-0.392,1.0,0.723,0.821,-0.058,-0.519,-0.035,0.283,0.337,-0.253
44,A2_2,0.579,-0.176,-0.421,-0.423,-0.175,-0.187,-0.467,0.723,1.0,0.726,0.309,0.123,0.315,0.124,-0.032,-0.342
44,A2_3,0.595,0.167,-0.097,0.131,-0.388,-0.648,-0.426,0.821,0.726,1.0,-0.073,-0.461,-0.002,0.118,0.077,-0.297
44,B2_1,-0.067,-0.198,-0.327,-0.308,-0.092,-0.086,-0.634,-0.058,0.309,-0.073,1.0,0.51,0.763,0.193,0.092,-0.014
44,B2_2,0.089,0.027,-0.451,-0.271,0.187,0.357,-0.08,-0.519,0.123,-0.461,0.51,1.0,0.471,-0.215,-0.41,-0.124
44,B2_3,-0.221,-0.195,-0.359,-0.393,-0.36,-0.135,-0.651,-0.035,0.315,-0.002,0.763,0.471,1.0,0.398,0.404,0.086
44,y1,-0.449,-0.606,-0.279,-0.32,-0.718,-0.127,-0.428,0.283,0.124,0.118,0.193,-0.215,0.398,1.0,0.747,0.62
44,y2,-0.509,-0.423,-0.018,-0.366,-0.42,-0.191,-0.345,0.337,-0.032,0.077,0.092,-0.41,0.404,0.747,1.0,0.221
44,y3,-0.694,-0.529,0.014,-0.011,-0.414,0.279,0.079,-0.253,-0.342,-0.297,-0.014,-0.124,0.086,0.62,0.221,1.0
46,.,1.0,0.098,0.05,0.202,0.2,0.088,-0.06,0.058,-0.21,0.065,-0.301,0.073,-0.553,-0.352,-0.723,-0.451
46,A1_1,0.098,1.0,0.283,0.524,-0.062,-0.532,0.069,0.157,-0.059,-0.288,-0.309,-0.364,-0.222,-0.269,0.199,-0.083
46,A1_2,0.05,0.283,1.0,0.725,-0.396,-0.387,-0.371,0.213,-0.084,0.087,-0.531,-0.63,-0.415,0.328,-0.018,0.391
46,A1_3,0.202,0.524,0.725,1.0,0.061,-0.373,-0.235,-0.217,-0.06,-0.415,-0.69,-0.466,-0.32,0.245,0.26,0.179
46,B1_1,0.2,-0.062,-0.396,0.061,1.0,0.299,0.588,-0.584,-0.423,-0.336,0.005,0.159,-0.067,-0.265,0.104,-0.569
46,B1_2,0.088,-0.532,-0.387,-0.373,0.299,1.0,0.566,-0.201,-0.092,0.257,-0.089,0.043,-0.372,-0.007,-0.121,0.278
46,B1_3,-0.06,0.069,-0.371,-0.235,0.588,0.566,1.0,-0.182,-0.405,-0.076,-0.051,-0.094,-0.319,-0.426,0.157,-0.054
46,A2_1,0.058,0.157,0.213,-0.217,-0.584,-0.201,-0.182,1.0,0.472,0.742,-0.036,-0.383,-0.326,-0.533,-0.399,0.112
46,A2_2,-0.21,-0.059,-0.084,-0.06,-0.423,-0.092,-0.405,0.472,1.0,0.326,-0.253,-0.255,0.125,-0.088,0.256,0.34
46,A2_3,0.065,-0.288,0.087,-0.415,-0.336,0.257,-0.076,0.742,0.326,1.0,0.01,-0.404,-0.444,-0.26,-0.502,0.094
46,B2_1,-0.301,-0.309,-0.531,-0.69,0.005,-0.089,-0.051,-0.036,-0.253,0.01,1.0,0.749,0.658,-0.054,-0.216,-0.408
46,B2_2,0.073,-0.364,-0.63,-0.466,0.159,0.043,-0.094,-0.383,-0.255,-0.404,0.749,1.0,0.649,0.019,-0.218,-0.409
46,B2_3,-0.553,-0.222,-0.415,-0.32,-0.067,-0.372,-0.319,-0.326,0.125,-0.444,0.658,0.649,1.0,0.31,0.407,-0.148
46,y1,-0.352,-0.269,0.328,0.245,-0.265,-0.007,-0.426,-0.533,-0.088,-0.26,-0.054,0.019,0.31,1.0,0.359,0.473
46,y2,-0.723,0.199,-0.018,0.26,0.104,-0.121,0.157,-0.399,0.256,-0.502,-0.216,-0.218,0.407,0.359,1.0,0.41
46,y3,-0.451,-0.083,0.391,0.179,-0.569,0.278,-0.054,0.112,0.34,0.094,-0.408,-0.409,-0.148,0.473,0.41,1.0
48,.,1.0,-0.079,-0.45,0.307,0.075,-0.037,0.352,-0.042,0.163,-0.315,-0.1,-0.111,0.431,-0.581,-0.743,-0.698
