,,.,A1_1,A1_2,A1_3,B1_1,B1_2,B1_3,A2_1,A2_2,A2_3,B2_1,B2_2,B2_3,y1,y2,y3
0,.,1.0,0.231,0.307,0.145,-0.52,-0.079,-0.156,0.341,0.089,0.038,-0.062,-0.102,-0.101,0.071,-0.318,-0.114
0,A1_1,0.231,1.0,0.022,0.09,-0.367,0.15,0.079,0.062,-0.021,0.276,0.175,0.214,-0.146,-0.079,0.262,0.0
0,A1_2,0.307,0.022,1.0,0.163,-0.243,0.116,-0.114,-0.011,0.146,0.157,-0.441,0.017,0.197,0.208,-0.165,-0.216
0,A1_3,0.145,0.09,0.163,1.0,0.078,-0.098,-0.196,-0.044,0.192,0.295,-0.391,-0.08,0.065,0.18,-0.093,0.086
0,B1_1,-0.52,-0.367,-0.243,0.078,1.0,0.203,-0.04,-0.174,0.006,0.138,-0.049,0.205,-0.237,-0.24,0.093,-0.138
0,B1_2,-0.079,0.15,0.116,-0.098,0.203,1.0,0.333,-0.09,0.265,0.148,-0.125,0.086,-0.206,-0.128,0.078,-0.419
0,B1_3,-0.156,0.079,-0.114,-0.196,-0.04,0.333,1.0,0.379,0.125,-0.24,0.127,0.046,-0.258,-0.234,0.198,-0.169
0,A2_1,0.341,0.062,-0.011,-0.044,-0.174,-0.09,0.379,1.0,-0.078,0.035,-0.064,-0.11,0.093,-0.227,-0.349,0.112
0,A2_2,0.089,-0.021,0.146,0.192,0.006,0.265,0.125,-0.078,1.0,-0.241,-0.558,-0.023,-0.371,-0.081,-0.166,-0.246
0,A2_3,0.038,0.276,0.157,0.295,0.138,0.148,-0.24,0.035,-0.241,1.0,0.105,0.405,0.118,-0.018,0.285,-0.187
0,B2_1,-0.062,0.175,-0.441,-0.391,-0.049,-0.125,0.127,-0.064,-0.558,0.105,1.0,0.153,-0.075,-0.096,0.34,0.047
0,B2_2,-0.102,0.214,0.017,-0.08,0.205,0.086,0.046,-0.11,-0.023,0.405,0.153,1.0,-0.247,-0.053,0.27,-0.239
0,B2_3,-0.101,-0.146,0.197,0.065,-0.237,-0.206,-0.258,0.093,-0.371,0.118,-0.075,-0.247,1.0,0.229,-0.03,0.311
0,y1,0.071,-0.079,0.208,0.18,-0.24,-0.128,-0.234,-0.227,-0.081,-0.018,-0.096,-0.053,0.229,1.0,-0.205,0.103
0,y2,-0.318,0.262,-0.165,-0.093,0.093,0.078,0.198,-0.349,-0.166,0.285,0.34,0.27,-0.03,-0.205,1.0,-0.185
0,y3,-0.114,0.0,-0.216,0.086,-0.138,-0.419,-0.169,0.112,-0.246,-0.187,0.047,-0.239,0.311,0.103,-0.185,1.0
500,.,1.0,0.27,0.185,0.175,-0.577,-0.097,-0.133,0.373,0.089,0.042,-0.059,-0.107,-0.123,0.01,-0.483,-0.161
500,A1_1,0.27,1.0,0.104,0.189,-0.358,0.113,0.03,0.093,0.061,0.366,0.115,0.197,-0.149,-0.089,0.109,0.041
500,A1_2,0.185,0.104,1.0,0.225,-0.23,0.131,-0.118,0.068,0.23,0.208,-0.464,0.0,0.186,0.014,-0.17,-0.271
500,A1_3,0.175,0.189,0.225,1.0,0.051,-0.117,-0.195,0.074,0.269,0.387,-0.397,-0.09,0.013,0.12,-0.042,-0.009
500,B1_1,-0.577,-0.358,-0.23,0.051,1.0,0.231,-0.002,-0.186,-0.018,0.116,-0.012,0.23,-0.191,-0.179,0.09,-0.217
500,B1_2,-0.097,0.113,0.131,-0.117,0.231,1.0,0.367,-0.073,0.263,0.148,-0.07,0.121,-0.135,-0.265,-0.108,-0.472
500,B1_3,-0.133,0.03,-0.118,-0.195,-0.002,0.367,1.0,0.365,0.108,-0.225,0.179,0.094,-0.183,-0.277,-0.016,-0.178
500,A2_1,0.373,0.093,0.068,0.074,-0.186,-0.073,0.365,1.0,-0.038,0.025,-0.091,-0.096,0.187,-0.247,-0.549,0.123
500,A2_2,0.089,0.061,0.23,0.269,-0.018,0.263,0.108,-0.038,1.0,-0.17,-0.58,-0.022,-0.394,-0.3,-0.182,-0.16
500,A2_3,0.042,0.366,0.208,0.387,0.116,0.148,-0.225,0.025,-0.17,1.0,0.113,0.399,0.145,-0.007,0.139,-0.05
500,B2_1,-0.059,0.115,-0.464,-0.397,-0.012,-0.07,0.179,-0.091,-0.58,0.113,1.0,0.197,-0.041,0.036,0.268,0.064
500,B2_2,-0.107,0.197,0.0,-0.09,0.23,0.121,0.094,-0.096,-0.022,0.399,0.197,1.0,-0.207,-0.147,0.153,-0.261
500,B2_3,-0.123,-0.149,0.186,0.013,-0.191,-0.135,-0.183,0.187,-0.394,0.145,-0.041,-0.207,1.0,0.209,0.041,0.262
500,y1,0.01,-0.089,0.014,0.12,-0.179,-0.265,-0.277,-0.247,-0.3,-0.007,0.036,-0.147,0.209,1.0,0.104,0.27
500,y2,-0.483,0.109,-0.17,-0.042,0.09,-0.108,-0.016,-0.549,-0.182,0.139,0.268,0.153,0.041,0.104,1.0,0.183
500,y3,-0.161,0.041,-0.271,-0.009,-0.217,-0.472,-0.178,0.123,-0.16,-0.05,0.064,-0.261,0.262,0.27,0.183,1.0
1000,.,1.0,0.289,0.173,0.17,-0.573,-0.088,-0.105,0.384,0.062,0.056,-0.051,-0.09,-0.108,-0.035,-0.485,-0.176
1000,A1_1,0.289,1.0,0.119,0.215,-0.36,0.112,0.021,0.099,0.078,0.39,0.113,0.191,-0.15,-0.089,0.08,0.035
1000,A1_2,0.173,0.119,1.0,0.247,-0.233,0.128,-0.123,0.084,0.25,0.238,-0.467,-0.006,0.179,-0.035,-0.188,-0.234
1000,A1_3,0.17,0.215,0.247,1.0,0.053,-0.116,-0.19,0.107,0.29,0.41,-0.406,-0.087,0.011,0.07,-0.065,0.015
1000,B1_1,-0.573,-0.36,-0.233,0.053,1.0,0.232,0.002,-0.184,-0.014,0.107,-0.011,0.231,-0.19,-0.168,0.05,-0.266
1000,B1_2,-0.088,0.112,0.128,-0.116,0.232,1.0,0.369,-0.077,0.263,0.147,-0.065,0.124,-0.127,-0.309,-0.127,-0.438
1000,B1_3,-0.105,0.021,-0.123,-0.19,0.002,0.369,1.0,0.353,0.097,-0.227,0.183,0.1,-0.173,-0.269,-0.058,-0.168
1000,A2_1,0.384,0.099,0.084,0.107,-0.184,-0.077,0.353,1.0,-0.015,0.039,-0.105,-0.093,0.181,-0.249,-0.538,0.041
1000,A2_2,0.062,0.078,0.25,0.29,-0.014,0.263,0.097,-0.015,1.0,-0.148,-0.591,-0.022,-0.391,-0.335,-0.177,-0.163
1000,A2_3,0.056,0.39,0.238,0.41,0.107,0.147,-0.227,0.039,-0.148,1.0,0.099,0.384,0.15,-0.042,0.104,-0.025
1000,B2_1,-0.051,0.113,-0.467,-0.406,-0.011,-0.065,0.183,-0.105,-0.591,0.099,1.0,0.2,-0.036,0.095,0.251,0.068
1000,B2_2,-0.09,0.191,-0.006,-0.087,0.231,0.124,0.1,-0.093,-0.022,0.384,0.2,1.0,-0.202,-0.157,0.163,-0.277
1000,B2_3,-0.108,-0.15,0.179,0.011,-0.19,-0.127,-0.173,0.181,-0.391,0.15,-0.036,-0.202,1.0,0.19,0.075,0.29
1000,y1,-0.035,-0.089,-0.035,0.07,-0.168,-0.309,-0.269,-0.249,-0.335,-0.042,0.095,-0.157,0.19,1.0,0.245,0.415
1000,y2,-0.485,0.08,-0.188,-0.065,0.05,-0.127,-0.058,-0.538,-0.177,0.104,0.251,0.163,0.075,0.245,1.0,0.318
1000,y3,-0.176,0.035,-0.234,0.015,-0.266,-0.438,-0.168,0.041,-0.163,-0.025,0.068,-0.277,0.29,0.415,0.318,1.0
1500,.,1.0,0.276,0.152,0.167,-0.573,-0.081,-0.108,0.366,0.068,0.031,-0.055,-0.095,-0.097,-0.085,-0.442,-0.22
1500,A1_1,0.276,1.0,0.135,0.236,-0.364,0.106,0.015,0.119,0.09,0.414,0.108,0.182,-0.149,-0.07,0.023,0.065
1500,A1_2,0.152,0.135,1.0,0.257,-0.229,0.132,-0.118,0.095,0.272,0.247,-0.471,-0.004,0.169,-0.071,-0.208,-0.214
1500,A1_3,0.167,0.236,0.257,1.0,0.054,-0.12,-0.187,0.128,0.317,0.424,-0.409,-0.09,0.001,0.031,-0.065,0.002
1500,B1_1,-0.573,-0.364,-0.229,0.054,1.0,0.236,0.004,-0.179,-0.015,0.101,-0.01,0.23,-0.183,-0.133,-0.004,-0.272
1500,B1_2,-0.081,0.106,0.132,-0.12,0.236,1.0,0.374,-0.077,0.249,0.148,-0.059,0.131,-0.116,-0.33,-0.159,-0.396
1500,B1_3,-0.108,0.015,-0.118,-0.187,0.004,0.374,1.0,0.342,0.091,-0.222,0.184,0.103,-0.161,-0.289,-0.043,-0.148
1500,A2_1,0.366,0.119,0.095,0.128,-0.179,-0.077,0.342,1.0,0.016,0.054,-0.119,-0.086,0.171,-0.257,-0.483,-0.052
1500,A2_2,0.068,0.09,0.272,0.317,-0.015,0.249,0.091,0.016,1.0,-0.115,-0.601,-0.015,-0.378,-0.352,-0.22,-0.152
1500,A2_3,0.031,0.414,0.247,0.424,0.101,0.148,-0.222,0.054,-0.115,1.0,0.091,0.371,0.151,-0.047,0.081,-0.015
1500,B2_1,-0.055,0.108,-0.471,-0.409,-0.01,-0.059,0.184,-0.119,-0.601,0.091,1.0,0.202,-0.027,0.121,0.251,0.078
1500,B2_2,-0.095,0.182,-0.004,-0.09,0.23,0.131,0.103,-0.086,-0.015,0.371,0.202,1.0,-0.194,-0.161,0.139,-0.247
1500,B2_3,-0.097,-0.149,0.169,0.001,-0.183,-0.116,-0.161,0.171,-0.378,0.151,-0.027,-0.194,1.0,0.186,0.085,0.296
1500,y1,-0.085,-0.07,-0.071,0.031,-0.133,-0.33,-0.289,-0.257,-0.352,-0.047,0.121,-0.161,0.186,1.0,0.332,0.465
1500,y2,-0.442,0.023,-0.208,-0.065,-0.004,-0.159,-0.043,-0.483,-0.22,0.081,0.251,0.139,0.085,0.332,1.0,0.393
1500,y3,-0.22,0.065,-0.214,0.002,-0.272,-0.396,-0.148,-0.052,-0.152,-0.015,0.078,-0.247,0.296,0.465,0.393,1.0
2000,.,1.0,0.278,0.147,0.168,-0.579,-0.079,-0.106,0.368,0.062,0.023,-0.063,-0.119,-0.102,-0.189,-0.443,-0.25
2000,A1_1,0.278,1.0,0.146,0.25,-0.367,0.099,0.013,0.145,0.107,0.441,0.104,0.173,-0.144,-0.09,0.011,0.095
2000,A1_2,0.147,0.146,1.0,0.273,-0.226,0.131,-0.109,0.112,0.289,0.271,-0.472,-0.004,0.172,-0.159,-0.223,-0.203
2000,A1_3,0.168,0.25,0.273,1.0,0.047,-0.124,-0.181,0.145,0.334,0.444,-0.409,-0.095,0.003,-0.065,-0.034,-0.047
2000,B1_1,-0.579,-0.367,-0.226,0.047,1.0,0.24,0.011,-0.187,-0.021,0.095,-0.005,0.234,-0.177,-0.092,-0.009,-0.284
2000,B1_2,-0.079,0.099,0.131,-0.124,0.24,1.0,0.381,-0.082,0.238,0.14,-0.056,0.136,-0.109,-0.283,-0.22,-0.362
2000,B1_3,-0.106,0.013,-0.109,-0.181,0.011,0.381,1.0,0.336,0.08,-0.216,0.189,0.111,-0.151,-0.285,-0.105,-0.103
2000,A2_1,0.368,0.145,0.112,0.145,-0.187,-0.082,0.336,1.0,0.029,0.083,-0.121,-0.096,0.162,-0.3,-0.485,-0.081
2000,A2_2,0.062,0.107,0.289,0.334,-0.021,0.238,0.08,0.029,1.0,-0.079,-0.61,-0.013,-0.359,-0.388,-0.241,-0.162
2000,A2_3,0.023,0.441,0.271,0.444,0.095,0.14,-0.216,0.083,-0.079,1.0,0.079,0.348,0.142,-0.054,0.064,-0.029
2000,B2_1,-0.063,0.104,-0.472,-0.409,-0.005,-0.056,0.189,-0.121,-0.61,0.079,1.0,0.208,-0.023,0.2,0.233,0.086
2000,B2_2,-0.119,0.173,-0.004,-0.095,0.234,0.136,0.111,-0.096,-0.013,0.348,0.208,1.0,-0.188,-0.145,0.148,-0.221
2000,B2_3,-0.102,-0.144,0.172,0.003,-0.177,-0.109,-0.151,0.162,-0.359,0.142,-0.023,-0.188,1.0,0.221,0.098,0.29
2000,y1,-0.189,-0.09,-0.159,-0.065,-0.092,-0.283,-0.285,-0.3,-0.388,-0.054,0.2,-0.145,0.221,1.0,0.463,0.499
2000,y2,-0.443,0.011,-0.223,-0.034,-0.009,-0.22,-0.105,-0.485,-0.241,0.064,0.233,0.148,0.098,0.463,1.0,0.504
2000,y3,-0.25,0.095,-0.203,-0.047,-0.284,-0.362,-0.103,-0.081,-0.162,-0.029,0.086,-0.221,0.29,0.499,0.504,1.0
2500,.,1.0,0.262,0.144,0.159,-0.593,-0.09,-0.11,0.369,0.064,0.002,-0.076,-0.142,-0.09,-0.258,-0.431,-0.229
2500,A1_1,0.262,1.0,0.16,0.261,-0.37,0.101,0.01,0.162,0.12,0.458,0.097,0.173,-0.141,-0.092,0.011,0.074
2500,A1_2,0.144,0.16,1.0,0.284,-0.225,0.125,-0.115,0.117,0.291,0.287,-0.473,-0.001,0.17,-0.197,-0.216,-0.223
2500,A1_3,0.159,0.261,0.284,1.0,0.042,-0.131,-0.184,0.156,0.344,0.447,-0.408,-0.103,-0.003,-0.108,-0.057,-0.084
2500,B1_1,-0.593,-0.37,-0.225,0.042,1.0,0.242,0.014,-0.185,-0.029,0.09,-0.002,0.236,-0.171,-0.076,-0.066,-0.307
2500,B1_2,-0.09,0.101,0.125,-0.131,0.242,1.0,0.383,-0.081,0.239,0.135,-0.052,0.141,-0.099,-0.288,-0.2,-0.376
2500,B1_3,-0.11,0.01,-0.115,-0.184,0.014,0.383,1.0,0.334,0.077,-0.22,0.192,0.117,-0.136,-0.276,-0.135,-0.083
2500,A2_1,0.369,0.162,0.117,0.156,-0.185,-0.081,0.334,1.0,0.042,0.094,-0.118,-0.089,0.163,-0.31,-0.493,-0.101
2500,A2_2,0.064,0.12,0.291,0.344,-0.029,0.239,0.077,0.042,1.0,-0.061,-0.613,-0.01,-0.354,-0.39,-0.24,-0.195
2500,A2_3,0.002,0.458,0.287,0.447,0.09,0.135,-0.22,0.094,-0.061,1.0,0.075,0.338,0.134,-0.074,0.036,-0.081
2500,B2_1,-0.076,0.097,-0.473,-0.408,-0.002,-0.052,0.192,-0.118,-0.613,0.075,1.0,0.211,-0.018,0.218,0.236,0.132
2500,B2_2,-0.142,0.173,-0.001,-0.103,0.236,0.141,0.117,-0.089,-0.01,0.338,0.211,1.0,-0.182,-0.123,0.158,-0.241
2500,B2_3,-0.09,-0.141,0.17,-0.003,-0.171,-0.099,-0.136,0.163,-0.354,0.134,-0.018,-0.182,1.0,0.246,0.118,0.256
2500,y1,-0.258,-0.092,-0.197,-0.108,-0.076,-0.288,-0.276,-0.31,-0.39,-0.074,0.218,-0.123,0.246,1.0,0.551,0.543
2500,y2,-0.431,0.011,-0.216,-0.057,-0.066,-0.2,-0.135,-0.493,-0.24,0.036,0.236,0.158,0.118,0.551,1.0,0.573
2500,y3,-0.229,0.074,-0.223,-0.084,-0.307,-0.376,-0.083,-0.101,-0.195,-0.081,0.132,-0.241,0.256,0.543,0.573,1.0
3000,.,1.0,0.259,0.143,0.137,-0.597,-0.087,-0.096,0.371,0.062,-0.015,-0.075,-0.157,-0.107,-0.27,-0.405,-0.296
3000,A1_1,0.259,1.0,0.173,0.269,-0.372,0.097,0.004,0.185,0.135,0.476,0.082,0.166,-0.149,-0.069,0.009,0.027
3000,A1_2,0.143,0.173,1.0,0.298,-0.226,0.117,-0.122,0.136,0.301,0.318,-0.476,-0.003,0.169,-0.249,-0.251,-0.214
3000,A1_3,0.137,0.269,0.298,1.0,0.041,-0.131,-0.179,0.178,0.361,0.463,-0.409,-0.107,-0.018,-0.151,-0.066,-0.156
3000,B1_1,-0.597,-0.372,-0.226,0.041,1.0,0.243,0.015,-0.183,-0.028,0.081,0.002,0.238,-0.16,-0.081,-0.068,-0.267
3000,B1_2,-0.087,0.097,0.117,-0.131,0.243,1.0,0.384,-0.092,0.232,0.122,-0.045,0.146,-0.084,-0.259,-0.229,-0.311
3000,B1_3,-0.096,0.004,-0.122,-0.179,0.015,0.384,1.0,0.317,0.063,-0.224,0.198,0.124,-0.118,-0.188,-0.148,-0.132
3000,A2_1,0.371,0.185,0.136,0.178,-0.183,-0.092,0.317,1.0,0.064,0.12,-0.129,-0.09,0.16,-0.297,-0.475,-0.192
3000,A2_2,0.062,0.135,0.301,0.361,-0.028,0.232,0.063,0.064,1.0,-0.037,-0.622,-0.012,-0.354,-0.407,-0.279,-0.184
3000,A2_3,-0.015,0.476,0.318,0.463,0.081,0.122,-0.224,0.12,-0.037,1.0,0.059,0.326,0.13,-0.107,0.039,-0.084
3000,B2_1,-0.075,0.082,-0.476,-0.409,0.002,-0.045,0.198,-0.129,-0.622,0.059,1.0,0.215,-0.007,0.278,0.276,0.135
3000,B2_2,-0.157,0.166,-0.003,-0.107,0.238,0.146,0.124,-0.09,-0.012,0.326,0.215,1.0,-0.174,-0.105,0.178,-0.2
3000,B2_3,-0.107,-0.149,0.169,-0.018,-0.16,-0.084,-0.118,0.16,-0.354,0.13,-0.007,-0.174,1.0,0.199,0.083,0.263
3000,y1,-0.27,-0.069,-0.249,-0.151,-0.081,-0.259,-0.188,-0.297,-0.407,-0.107,0.278,-0.105,0.199,1.0,0.589,0.621
3000,y2,-0.405,0.009,-0.251,-0.066,-0.068,-0.229,-0.148,-0.475,-0.279,0.039,0.276,0.178,0.083,0.589,1.0,0.611
3000,y3,-0.296,0.027,-0.214,-0.156,-0.267,-0.311,-0.132,-0.192,-0.184,-0.084,0.135,-0.2,0.263,0.621,0.611,1.0
3500,.,1.0,0.261,0.143,0.136,-0.599,-0.091,-0.102,0.353,0.057,0.0,-0.078,-0.155,-0.111,-0.267,-0.446,-0.288
3500,A1_1,0.261,1.0,0.194,0.278,-0.369,0.1,0.004,0.205,0.15,0.49,0.066,0.165,-0.151,-0.074,-0.046,0.003
3500,A1_2,0.143,0.194,1.0,0.307,-0.226,0.113,-0.121,0.146,0.311,0.339,-0.479,-0.009,0.165,-0.297,-0.259,-0.203
3500,A1_3,0.136,0.278,0.307,1.0,0.036,-0.132,-0.18,0.194,0.361,0.481,-0.413,-0.116,-0.019,-0.155,-0.124,-0.159
3500,B1_1,-0.599,-0.369,-0.226,0.036,1.0,0.244,0.016,-0.175,-0.028,0.07,0.003,0.238,-0.158,-0.098,-0.043,-0.281
3500,B1_2,-0.091,0.1,0.113,-0.132,0.244,1.0,0.386,-0.093,0.233,0.121,-0.04,0.148,-0.079,-0.274,-0.22,-0.291
3500,B1_3,-0.102,0.004,-0.121,-0.18,0.016,0.386,1.0,0.31,0.069,-0.231,0.201,0.126,-0.112,-0.165,-0.143,-0.141
3500,A2_1,0.353,0.205,0.146,0.194,-0.175,-0.093,0.31,1.0,0.082,0.141,-0.134,-0.082,0.154,-0.321,-0.465,-0.217
3500,A2_2,0.057,0.15,0.311,0.361,-0.028,0.233,0.069,0.082,1.0,-0.009,-0.63,-0.013,-0.355,-0.372,-0.305,-0.214
3500,A2_3,0.0,0.49,0.339,0.481,0.07,0.121,-0.231,0.141,-0.009,1.0,0.037,0.309,0.125,-0.161,-0.003,-0.06
3500,B2_1,-0.078,0.066,-0.479,-0.413,0.003,-0.04,0.201,-0.134,-0.63,0.037,1.0,0.218,-0.001,0.296,0.278,0.167
3500,B2_2,-0.155,0.165,-0.009,-0.116,0.238,0.148,0.126,-0.082,-0.013,0.309,0.218,1.0,-0.171,-0.109,0.165,-0.203
3500,B2_3,-0.111,-0.151,0.165,-0.019,-0.158,-0.079,-0.112,0.154,-0.355,0.125,-0.001,-0.171,1.0,0.122,0.119,0.278
3500,y1,-0.267,-0.074,-0.297,-0.155,-0.098,-0.274,-0.165,-0.321,-0.372,-0.161,0.296,-0.109,0.122,1.0,0.65,0.674
3500,y2,-0.446,-0.046,-0.259,-0.124,-0.043,-0.22,-0.143,-0.465,-0.305,-0.003,0.278,0.165,0.119,0.65,1.0,0.658
3500,y3,-0.288,0.003,-0.203,-0.159,-0.281,-0.291,-0.141,-0.217,-0.214,-0.06,0.167,-0.203,0.278,0.674,0.658,1.0
4000,.,1.0,0.271,0.142,0.128,-0.589,-0.094,-0.101,0.336,0.061,-0.003,-0.08,-0.139,-0.125,-0.262,-0.397,-0.295
4000,A1_1,0.271,1.0,0.208,0.29,-0.362,0.095,0.002,0.228,0.158,0.503,0.051,0.161,-0.157,-0.074,-0.091,0.013
4000,A1_2,0.142,0.208,1.0,0.322,-0.22,0.108,-0.116,0.171,0.332,0.356,-0.48,-0.008,0.159,-0.323,-0.246,-0.282
4000,A1_3,0.128,0.29,0.322,1.0,0.029,-0.135,-0.179,0.211,0.368,0.491,-0.42,-0.122,-0.018,-0.182,-0.17,-0.187
4000,B1_1,-0.589,-0.362,-0.22,0.029,1.0,0.246,0.02,-0.169,-0.024,0.067,0.008,0.241,-0.154,-0.102,-0.097,-0.28
4000,B1_2,-0.094,0.095,0.108,-0.135,0.246,1.0,0.388,-0.096,0.24,0.115,-0.031,0.152,-0.073,-0.277,-0.233,-0.286
4000,B1_3,-0.101,0.002,-0.116,-0.179,0.02,0.388,1.0,0.306,0.061,-0.226,0.21,0.13,-0.1,-0.193,-0.182,-0.137
4000,A2_1,0.336,0.228,0.171,0.211,-0.169,-0.096,0.306,1.0,0.091,0.16,-0.143,-0.077,0.155,-0.344,-0.492,-0.274
4000,A2_2,0.061,0.158,0.332,0.368,-0.024,0.24,0.061,0.091,1.0,0.008,-0.635,-0.016,-0.352,-0.394,-0.311,-0.246
4000,A2_3,-0.003,0.503,0.356,0.491,0.067,0.115,-0.226,0.16,0.008,1.0,0.029,0.306,0.113,-0.168,-0.014,-0.094
4000,B2_1,-0.08,0.051,-0.48,-0.42,0.008,-0.031,0.21,-0.143,-0.635,0.029,1.0,0.217,0.005,0.261,0.262,0.209
4000,B2_2,-0.139,0.161,-0.008,-0.122,0.241,0.152,0.13,-0.077,-0.016,0.306,0.217,1.0,-0.171,-0.096,0.116,-0.148
4000,B2_3,-0.125,-0.157,0.159,-0.018,-0.154,-0.073,-0.1,0.155,-0.352,0.113,0.005,-0.171,1.0,0.111,0.154,0.215
4000,y1,-0.262,-0.074,-0.323,-0.182,-0.102,-0.277,-0.193,-0.344,-0.394,-0.168,0.261,-0.096,0.111,1.0,0.719,0.731
4000,y2,-0.397,-0.091,-0.246,-0.17,-0.097,-0.233,-0.182,-0.492,-0.311,-0.014,0.262,0.116,0.154,0.719,1.0,0.727
4000,y3,-0.295,0.013,-0.282,-0.187,-0.28,-0.286,-0.137,-0.274,-0.246,-0.094,0.209,-0.148,0.215,0.731,0.727,1.0
4500,.,1.0,0.265,0.146,0.124,-0.583,-0.087,-0.086,0.328,0.058,-0.018,-0.084,-0.143,-0.135,-0.298,-0.44,-0.306
4500,A1_1,0.265,1.0,0.231,0.315,-0.36,0.098,0.002,0.246,0.171,0.517,0.034,0.155,-0.154,-0.083,-0.132,0.011
4500,A1_2,0.146,0.231,1.0,0.339,-0.216,0.112,-0.117,0.185,0.351,0.369,-0.485,-0.004,0.157,-0.36,-0.258,-0.257
4500,A1_3,0.124,0.315,0.339,1.0,0.024,-0.13,-0.175,0.231,0.384,0.501,-0.425,-0.127,-0.023,-0.187,-0.218,-0.2
4500,B1_1,-0.583,-0.36,-0.216,0.024,1.0,0.249,0.022,-0.162,-0.02,0.067,0.011,0.244,-0.149,-0.102,-0.087,-0.257
4500,B1_2,-0.087,0.098,0.112,-0.13,0.249,1.0,0.392,-0.097,0.238,0.113,-0.02,0.159,-0.066,-0.275,-0.233,-0.256
4500,B1_3,-0.086,0.002,-0.117,-0.175,0.022,0.392,1.0,0.298,0.06,-0.224,0.216,0.135,-0.09,-0.186,-0.178,-0.115
4500,A2_1,0.328,0.246,0.185,0.231,-0.162,-0.097,0.298,1.0,0.107,0.182,-0.147,-0.069,0.153,-0.361,-0.517,-0.27
4500,A2_2,0.058,0.171,0.351,0.384,-0.02,0.238,0.06,0.107,1.0,0.028,-0.641,-0.017,-0.35,-0.38,-0.349,-0.293
4500,A2_3,-0.018,0.517,0.369,0.501,0.067,0.113,-0.224,0.182,0.028,1.0,0.021,0.297,0.111,-0.153,-0.03,-0.031
4500,B2_1,-0.084,0.034,-0.485,-0.425,0.011,-0.02,0.216,-0.147,-0.641,0.021,1.0,0.216,0.012,0.293,0.292,0.224
4500,B2_2,-0.143,0.155,-0.004,-0.127,0.244,0.159,0.135,-0.069,-0.017,0.297,0.216,1.0,-0.165,-0.077,0.128,-0.164
4500,B2_3,-0.135,-0.154,0.157,-0.023,-0.149,-0.066,-0.09,0.153,-0.35,0.111,0.012,-0.165,1.0,0.081,0.157,0.211
4500,y1,-0.298,-0.083,-0.36,-0.187,-0.102,-0.275,-0.186,-0.361,-0.38,-0.153,0.293,-0.077,0.081,1.0,0.777,0.783
4500,y2,-0.44,-0.132,-0.258,-0.218,-0.087,-0.233,-0.178,-0.517,-0.349,-0.03,0.292,0.128,0.157,0.777,1.0,0.757
4500,y3,-0.306,0.011,-0.257,-0.2,-0.257,-0.256,-0.115,-0.27,-0.293,-0.031,0.224,-0.164,0.211,0.783,0.757,1.0
5000,.,1.0,0.274,0.139,0.117,-0.575,-0.069,-0.081,0.308,0.052,-0.008,-0.079,-0.127,-0.139,-0.346,-0.377,-0.306
5000,A1_1,0.274,1.0,0.244,0.328,-0.358,0.096,-0.005,0.264,0.194,0.53,0.026,0.157,-0.156,-0.095,-0.178,-0.04
5000,A1_2,0.139,0.244,1.0,0.346,-0.215,0.108,-0.117,0.201,0.368,0.39,-0.482,-0.002,0.152,-0.376,-0.281,-0.307
5000,A1_3,0.117,0.328,0.346,1.0,0.025,-0.127,-0.169,0.256,0.392,0.516,-0.423,-0.126,-0.024,-0.2,-0.249,-0.227
5000,B1_1,-0.575,-0.358,-0.215,0.025,1.0,0.249,0.023,-0.158,-0.022,0.062,0.013,0.245,-0.148,-0.046,-0.135,-0.238
5000,B1_2,-0.069,0.096,0.108,-0.127,0.249,1.0,0.393,-0.102,0.243,0.113,-0.017,0.16,-0.063,-0.224,-0.29,-0.262
5000,B1_3,-0.081,-0.005,-0.117,-0.169,0.023,0.393,1.0,0.29,0.067,-0.223,0.219,0.135,-0.086,-0.208,-0.173,-0.117
5000,A2_1,0.308,0.264,0.201,0.256,-0.158,-0.102,0.29,1.0,0.128,0.215,-0.151,-0.07,0.149,-0.434,-0.452,-0.317
5000,A2_2,0.052,0.194,0.368,0.392,-0.022,0.243,0.067,0.128,1.0,0.052,-0.64,-0.012,-0.349,-0.368,-0.369,-0.342
5000,A2_3,-0.008,0.53,0.39,0.516,0.062,0.113,-0.223,0.215,0.052,1.0,0.008,0.29,0.11,-0.137,-0.12,-0.082
5000,B2_1,-0.079,0.026,-0.482,-0.423,0.013,-0.017,0.219,-0.151,-0.64,0.008,1.0,0.216,0.013,0.272,0.288,0.261
5000,B2_2,-0.127,0.157,-0.002,-0.126,0.245,0.16,0.135,-0.07,-0.012,0.29,0.216,1.0,-0.164,-0.023,0.086,-0.167
5000,B2_3,-0.139,-0.156,0.152,-0.024,-0.148,-0.063,-0.086,0.149,-0.349,0.11,0.013,-0.164,1.0,0.068,0.147,0.19
5000,y1,-0.346,-0.095,-0.376,-0.2,-0.046,-0.224,-0.208,-0.434,-0.368,-0.137,0.272,-0.023,0.068,1.0,0.821,0.83
5000,y2,-0.377,-0.178,-0.281,-0.249,-0.135,-0.29,-0.173,-0.452,-0.369,-0.12,0.288,0.086,0.147,0.821,1.0,0.8
5000,y3,-0.306,-0.04,-0.307,-0.227,-0.238,-0.262,-0.117,-0.317,-0.342,-0.082,0.261,-0.167,0.19,0.83,0.8,1.0
5500,.,1.0,0.267,0.118,0.117,-0.562,-0.081,-0.094,0.293,0.058,-0.02,-0.091,-0.131,-0.155,-0.33,-0.393,-0.322
5500,A1_1,0.267,1.0,0.248,0.342,-0.351,0.096,-0.001,0.288,0.202,0.544,0.025,0.165,-0.156,-0.115,-0.156,-0.042
5500,A1_2,0.118,0.248,1.0,0.351,-0.209,0.11,-0.109,0.215,0.365,0.401,-0.472,0.007,0.157,-0.356,-0.288,-0.286
5500,A1_3,0.117,0.342,0.351,1.0,0.024,-0.127,-0.169,0.268,0.398,0.523,-0.419,-0.125,-0.022,-0.208,-0.274,-0.233
5500,B1_1,-0.562,-0.351,-0.209,0.024,1.0,0.25,0.027,-0.154,-0.019,0.061,0.019,0.248,-0.14,-0.1,-0.16,-0.241
5500,B1_2,-0.081,0.096,0.11,-0.127,0.25,1.0,0.396,-0.095,0.236,0.119,-0.005,0.165,-0.053,-0.252,-0.231,-0.225
5500,B1_3,-0.094,-0.001,-0.109,-0.169,0.027,0.396,1.0,0.288,0.065,-0.223,0.229,0.14,-0.072,-0.205,-0.122,-0.129
5500,A2_1,0.293,0.288,0.215,0.268,-0.154,-0.095,0.288,1.0,0.152,0.224,-0.157,-0.074,0.148,-0.413,-0.446,-0.343
5500,A2_2,0.058,0.202,0.365,0.398,-0.019,0.236,0.065,0.152,1.0,0.069,-0.64,-0.009,-0.347,-0.384,-0.346,-0.33
5500,A2_3,-0.02,0.544,0.401,0.523,0.061,0.119,-0.223,0.224,0.069,1.0,0.005,0.285,0.107,-0.152,-0.121,-0.057
5500,B2_1,-0.091,0.025,-0.472,-0.419,0.019,-0.005,0.229,-0.157,-0.64,0.005,1.0,0.218,0.026,0.256,0.273,0.258
5500,B2_2,-0.131,0.165,0.007,-0.125,0.248,0.165,0.14,-0.074,-0.009,0.285,0.218,1.0,-0.154,-0.069,0.11,-0.158
5500,B2_3,-0.155,-0.156,0.157,-0.022,-0.14,-0.053,-0.072,0.148,-0.347,0.107,0.026,-0.154,1.0,0.062,0.116,0.173
5500,y1,-0.33,-0.115,-0.356,-0.208,-0.1,-0.252,-0.205,-0.413,-0.384,-0.152,0.256,-0.069,0.062,1.0,0.85,0.868
5500,y2,-0.393,-0.156,-0.288,-0.274,-0.16,-0.231,-0.122,-0.446,-0.346,-0.121,0.273,0.11,0.116,0.85,1.0,0.799
5500,y3,-0.322,-0.042,-0.286,-0.233,-0.241,-0.225,-0.129,-0.343,-0.33,-0.057,0.258,-0.158,0.173,0.868,0.799,1.0
6000,.,1.0,0.266,0.106,0.131,-0.554,-0.079,-0.081,0.28,0.064,-0.026,-0.08,-0.122,-0.169,-0.292,-0.384,-0.317
6000,A1_1,0.266,1.0,0.271,0.364,-0.347,0.097,-0.015,0.313,0.225,0.556,0.005,0.16,-0.148,-0.17,-0.142,-0.092
6000,A1_2,0.106,0.271,1.0,0.363,-0.21,0.103,-0.12,0.233,0.389,0.42,-0.471,0.004,0.149,-0.379,-0.282,-0.305
6000,A1_3,0.131,0.364,0.363,1.0,0.018,-0.13,-0.179,0.285,0.413,0.539,-0.42,-0.121,-0.03,-0.22,-0.265,-0.296
6000,B1_1,-0.554,-0.347,-0.21,0.018,1.0,0.254,0.033,-0.157,-0.022,0.056,0.024,0.254,-0.136,-0.138,-0.182,-0.267
6000,B1_2,-0.079,0.097,0.103,-0.13,0.254,1.0,0.399,-0.099,0.234,0.116,0.001,0.173,-0.049,-0.265,-0.23,-0.177
6000,B1_3,-0.081,-0.015,-0.12,-0.179,0.033,0.399,1.0,0.267,0.056,-0.233,0.238,0.152,-0.063,-0.179,-0.149,-0.085
6000,A2_1,0.28,0.313,0.233,0.285,-0.157,-0.099,0.267,1.0,0.171,0.234,-0.167,-0.079,0.134,-0.405,-0.432,-0.37
6000,A2_2,0.064,0.225,0.389,0.413,-0.022,0.234,0.056,0.171,1.0,0.092,-0.638,-0.01,-0.354,-0.372,-0.374,-0.315
6000,A2_3,-0.026,0.556,0.42,0.539,0.056,0.116,-0.233,0.234,0.092,1.0,-0.007,0.281,0.107,-0.196,-0.114,-0.148
6000,B2_1,-0.08,0.005,-0.471,-0.42,0.024,0.001,0.238,-0.167,-0.638,-0.007,1.0,0.226,0.036,0.237,0.236,0.218
6000,B2_2,-0.122,0.16,0.004,-0.121,0.254,0.173,0.152,-0.079,-0.01,0.281,0.226,1.0,-0.146,-0.107,0.061,-0.155
6000,B2_3,-0.169,-0.148,0.149,-0.03,-0.136,-0.049,-0.063,0.134,-0.354,0.107,0.036,-0.146,1.0,0.045,0.161,0.144
6000,y1,-0.292,-0.17,-0.379,-0.22,-0.138,-0.265,-0.179,-0.405,-0.372,-0.196,0.237,-0.107,0.045,1.0,0.866,0.891
6000,y2,-0.384,-0.142,-0.282,-0.265,-0.182,-0.23,-0.149,-0.432,-0.374,-0.114,0.236,0.061,0.161,0.866,1.0,0.832
6000,y3,-0.317,-0.092,-0.305,-0.296,-0.267,-0.177,-0.085,-0.37,-0.315,-0.148,0.218,-0.155,0.144,0.891,0.832,1.0
6500,.,1.0,0.265,0.085,0.148,-0.533,-0.076,-0.068,0.274,0.068,-0.029,-0.076,-0.113,-0.183,-0.342,-0.4,-0.346
6500,A1_1,0.265,1.0,0.278,0.378,-0.337,0.102,-0.007,0.325,0.239,0.571,0.001,0.163,-0.145,-0.184,-0.188,-0.141
6500,A1_2,0.085,0.278,1.0,0.38,-0.197,0.104,-0.117,0.247,0.403,0.441,-0.471,0.006,0.143,-0.359,-0.301,-0.325
6500,A1_3,0.148,0.378,0.38,1.0,0.015,-0.131,-0.182,0.292,0.434,0.542,-0.422,-0.122,-0.039,-0.251,-0.274,-0.322
6500,B1_1,-0.533,-0.337,-0.197,0.015,1.0,0.262,0.041,-0.16,-0.021,0.057,0.034,0.263,-0.128,-0.145,-0.178,-0.238
6500,B1_2,-0.076,0.102,0.104,-0.131,0.262,1.0,0.404,-0.108,0.232,0.115,0.008,0.177,-0.041,-0.266,-0.228,-0.157
6500,B1_3,-0.068,-0.007,-0.117,-0.182,0.041,0.404,1.0,0.257,0.054,-0.226,0.242,0.157,-0.055,-0.195,-0.127,-0.109
6500,A2_1,0.274,0.325,0.247,0.292,-0.16,-0.108,0.257,1.0,0.19,0.242,-0.174,-0.081,0.124,-0.401,-0.429,-0.433
6500,A2_2,0.068,0.239,0.403,0.434,-0.021,0.232,0.054,0.19,1.0,0.121,-0.633,-0.008,-0.358,-0.405,-0.385,-0.342
6500,A2_3,-0.029,0.571,0.441,0.542,0.057,0.115,-0.226,0.242,0.121,1.0,-0.01,0.277,0.096,-0.195,-0.132,-0.185
6500,B2_1,-0.076,0.001,-0.471,-0.422,0.034,0.008,0.242,-0.174,-0.633,-0.01,1.0,0.229,0.04,0.235,0.251,0.253
6500,B2_2,-0.113,0.163,0.006,-0.122,0.263,0.177,0.157,-0.081,-0.008,0.277,0.229,1.0,-0.143,-0.138,0.071,-0.17
6500,B2_3,-0.183,-0.145,0.143,-0.039,-0.128,-0.041,-0.055,0.124,-0.358,0.096,0.04,-0.143,1.0,0.073,0.153,0.114
6500,y1,-0.342,-0.184,-0.359,-0.251,-0.145,-0.266,-0.195,-0.401,-0.405,-0.195,0.235,-0.138,0.073,1.0,0.896,0.925
6500,y2,-0.4,-0.188,-0.301,-0.274,-0.178,-0.228,-0.127,-0.429,-0.385,-0.132,0.251,0.071,0.153,0.896,1.0,0.856
6500,y3,-0.346,-0.141,-0.325,-0.322,-0.238,-0.157,-0.109,-0.433,-0.342,-0.185,0.253,-0.17,0.114,0.925,0.856,1.0
7000,.,1.0,0.265,0.075,0.146,-0.53,-0.092,-0.063,0.281,0.059,-0.033,-0.072,-0.116,-0.183,-0.373,-0.367,-0.364
7000,A1_1,0.265,1.0,0.291,0.395,-0.329,0.101,-0.012,0.347,0.261,0.587,-0.011,0.159,-0.144,-0.173,-0.26,-0.183
7000,A1_2,0.075,0.291,1.0,0.392,-0.19,0.11,-0.109,0.258,0.414,0.45,-0.472,0.013,0.145,-0.34,-0.332,-0.309
7000,A1_3,0.146,0.395,0.392,1.0,0.012,-0.131,-0.18,0.314,0.442,0.554,-0.422,-0.127,-0.045,-0.29,-0.332,-0.316
7000,B1_1,-0.53,-0.329,-0.19,0.012,1.0,0.264,0.045,-0.156,-0.019,0.053,0.037,0.264,-0.124,-0.137,-0.194,-0.229
7000,B1_2,-0.092,0.101,0.11,-0.131,0.264,1.0,0.405,-0.119,0.231,0.112,0.011,0.179,-0.038,-0.205,-0.219,-0.186
7000,B1_3,-0.063,-0.012,-0.109,-0.18,0.045,0.405,1.0,0.245,0.052,-0.212,0.247,0.16,-0.05,-0.145,-0.173,-0.153
7000,A2_1,0.281,0.347,0.258,0.314,-0.156,-0.119,0.245,1.0,0.204,0.271,-0.173,-0.075,0.116,-0.415,-0.476,-0.445
7000,A2_2,0.059,0.261,0.414,0.442,-0.019,0.231,0.052,0.204,1.0,0.134,-0.635,-0.01,-0.359,-0.406,-0.435,-0.368
7000,A2_3,-0.033,0.587,0.45,0.554,0.053,0.112,-0.212,0.271,0.134,1.0,-0.015,0.274,0.098,-0.184,-0.176,-0.168
7000,B2_1,-0.072,-0.011,-0.472,-0.422,0.037,0.011,0.247,-0.173,-0.635,-0.015,1.0,0.23,0.047,0.252,0.269,0.257
7000,B2_2,-0.116,0.159,0.013,-0.127,0.264,0.179,0.16,-0.075,-0.01,0.274,0.23,1.0,-0.139,-0.098,0.038,-0.18
7000,B2_3,-0.183,-0.144,0.145,-0.045,-0.124,-0.038,-0.05,0.116,-0.359,0.098,0.047,-0.139,1.0,0.067,0.158,0.116
7000,y1,-0.373,-0.173,-0.34,-0.29,-0.137,-0.205,-0.145,-0.415,-0.406,-0.184,0.252,-0.098,0.067,1.0,0.911,0.938
7000,y2,-0.367,-0.26,-0.332,-0.332,-0.194,-0.219,-0.173,-0.476,-0.435,-0.176,0.269,0.038,0.158,0.911,1.0,0.888
7000,y3,-0.364,-0.183,-0.309,-0.316,-0.229,-0.186,-0.153,-0.445,-0.368,-0.168,0.257,-0.18,0.116,0.938,0.888,1.0
7500,.,1.0,0.263,0.06,0.142,-0.525,-0.096,-0.055,0.28,0.059,-0.033,-0.057,-0.114,-0.188,-0.377,-0.321,-0.397
7500,A1_1,0.263,1.0,0.303,0.405,-0.32,0.111,-0.014,0.359,0.278,0.605,-0.022,0.163,-0.147,-0.216,-0.278,-0.165
7500,A1_2,0.06,0.303,1.0,0.407,-0.184,0.111,-0.111,0.275,0.424,0.473,-0.478,0.016,0.145,-0.354,-0.357,-0.38
7500,A1_3,0.142,0.405,0.407,1.0,0.005,-0.131,-0.175,0.331,0.455,0.563,-0.429,-0.128,-0.048,-0.324,-0.305,-0.357
7500,B1_1,-0.525,-0.32,-0.184,0.005,1.0,0.266,0.048,-0.161,-0.017,0.043,0.04,0.266,-0.122,-0.155,-0.216,-0.18
7500,B1_2,-0.096,0.111,0.111,-0.131,0.266,1.0,0.407,-0.119,0.23,0.113,0.014,0.181,-0.035,-0.191,-0.249,-0.186
7500,B1_3,-0.055,-0.014,-0.111,-0.175,0.048,0.407,1.0,0.235,0.047,-0.21,0.248,0.162,-0.048,-0.143,-0.129,-0.095
7500,A2_1,0.28,0.359,0.275,0.331,-0.161,-0.119,0.235,1.0,0.216,0.294,-0.183,-0.072,0.109,-0.413,-0.437,-0.446
7500,A2_2,0.059,0.278,0.424,0.455,-0.017,0.23,0.047,0.216,1.0,0.162,-0.641,-0.007,-0.357,-0.381,-0.447,-0.422
7500,A2_3,-0.033,0.605,0.473,0.563,0.043,0.113,-0.21,0.294,0.162,1.0,-0.036,0.275,0.092,-0.234,-0.204,-0.166
7500,B2_1,-0.057,-0.022,-0.478,-0.429,0.04,0.014,0.248,-0.183,-0.641,-0.036,1.0,0.231,0.048,0.253,0.278,0.317
7500,B2_2,-0.114,0.163,0.016,-0.128,0.266,0.181,0.162,-0.072,-0.007,0.275,0.231,1.0,-0.138,-0.077,-0.007,-0.091
7500,B2_3,-0.188,-0.147,0.145,-0.048,-0.122,-0.035,-0.048,0.109,-0.357,0.092,0.048,-0.138,1.0,0.066,0.118,0.076
7500,y1,-0.377,-0.216,-0.354,-0.324,-0.155,-0.191,-0.143,-0.413,-0.381,-0.234,0.253,-0.077,0.066,1.0,0.938,0.942
7500,y2,-0.321,-0.278,-0.357,-0.305,-0.216,-0.249,-0.129,-0.437,-0.447,-0.204,0.278,-0.007,0.118,0.938,1.0,0.922
7500,y3,-0.397,-0.165,-0.38,-0.357,-0.18,-0.186,-0.095,-0.446,-0.422,-0.166,0.317,-0.091,0.076,0.942,0.922,1.0
8000,.,1.0,0.273,0.065,0.16,-0.515,-0.088,-0.036,0.29,0.068,-0.015,-0.061,-0.115,-0.182,-0.353,-0.371,-0.421
8000,A1_1,0.273,1.0,0.321,0.411,-0.32,0.114,-0.018,0.371,0.296,0.624,-0.026,0.163,-0.147,-0.221,-0.292,-0.206
8000,A1_2,0.065,0.321,1.0,0.418,-0.189,0.106,-0.115,0.284,0.428,0.495,-0.477,0.013,0.154,-0.358,-0.366,-0.415
8000,A1_3,0.16,0.411,0.418,1.0,-0.007,-0.131,-0.177,0.342,0.463,0.574,-0.43,-0.135,-0.049,-0.31,-0.371,-0.375
8000,B1_1,-0.515,-0.32,-0.189,-0.007,1.0,0.268,0.052,-0.168,-0.026,0.033,0.044,0.27,-0.118,-0.172,-0.186,-0.159
8000,B1_2,-0.088,0.114,0.106,-0.131,0.268,1.0,0.408,-0.125,0.224,0.114,0.016,0.182,-0.033,-0.198,-0.224,-0.139
8000,B1_3,-0.036,-0.018,-0.115,-0.177,0.052,0.408,1.0,0.225,0.045,-0.212,0.249,0.162,-0.046,-0.147,-0.098,-0.096
8000,A2_1,0.29,0.371,0.284,0.342,-0.168,-0.125,0.225,1.0,0.228,0.31,-0.187,-0.079,0.102,-0.418,-0.413,-0.452
8000,A2_2,0.068,0.296,0.428,0.463,-0.026,0.224,0.045,0.228,1.0,0.188,-0.644,-0.004,-0.352,-0.378,-0.467,-0.411
8000,A2_3,-0.015,0.624,0.495,0.574,0.033,0.114,-0.212,0.31,0.188,1.0,-0.053,0.269,0.082,-0.219,-0.284,-0.184
8000,B2_1,-0.061,-0.026,-0.477,-0.43,0.044,0.016,0.249,-0.187,-0.644,-0.053,1.0,0.231,0.049,0.259,0.294,0.309
8000,B2_2,-0.115,0.163,0.013,-0.135,0.27,0.182,0.162,-0.079,-0.004,0.269,0.231,1.0,-0.137,-0.066,-0.012,-0.064
8000,B2_3,-0.182,-0.147,0.154,-0.049,-0.118,-0.033,-0.046,0.102,-0.352,0.082,0.049,-0.137,1.0,0.047,0.106,0.079
8000,y1,-0.353,-0.221,-0.358,-0.31,-0.172,-0.198,-0.147,-0.418,-0.378,-0.219,0.259,-0.066,0.047,1.0,0.953,0.945
8000,y2,-0.371,-0.292,-0.366,-0.371,-0.186,-0.224,-0.098,-0.413,-0.467,-0.284,0.294,-0.012,0.106,0.953,1.0,0.915
8000,y3,-0.421,-0.206,-0.415,-0.375,-0.159,-0.139,-0.096,-0.452,-0.411,-0.184,0.309,-0.064,0.079,0.945,0.915,1.0
8500,.,1.0,0.27,0.051,0.169,-0.505,-0.094,-0.034,0.282,0.063,-0.015,-0.06,-0.121,-0.172,-0.375,-0.358,-0.422
8500,A1_1,0.27,1.0,0.338,0.428,-0.316,0.109,-0.024,0.384,0.307,0.639,-0.036,0.16,-0.143,-0.245,-0.261,-0.229
8500,A1_2,0.051,0.338,1.0,0.433,-0.187,0.103,-0.116,0.301,0.438,0.52,-0.477,0.013,0.158,-0.347,-0.363,-0.406
8500,A1_3,0.169,0.428,0.433,1.0,-0.01,-0.136,-0.176,0.352,0.471,0.583,-0.427,-0.132,-0.057,-0.331,-0.385,-0.362
8500,B1_1,-0.505,-0.316,-0.187,-0.01,1.0,0.272,0.055,-0.177,-0.027,0.021,0.047,0.272,-0.114,-0.165,-0.224,-0.146
8500,B1_2,-0.094,0.109,0.103,-0.136,0.272,1.0,0.411,-0.134,0.216,0.109,0.02,0.186,-0.029,-0.193,-0.206,-0.153
8500,B1_3,-0.034,-0.024,-0.116,-0.176,0.055,0.411,1.0,0.21,0.035,-0.214,0.251,0.166,-0.042,-0.132,-0.091,-0.075
8500,A2_1,0.282,0.384,0.301,0.352,-0.177,-0.134,0.21,1.0,0.235,0.323,-0.198,-0.079,0.099,-0.436,-0.396,-0.392
8500,A2_2,0.063,0.307,0.438,0.471,-0.027,0.216,0.035,0.235,1.0,0.209,-0.642,0.002,-0.347,-0.373,-0.452,-0.438
8500,A2_3,-0.015,0.639,0.52,0.583,0.021,0.109,-0.214,0.323,0.209,1.0,-0.064,0.26,0.083,-0.213,-0.288,-0.21
8500,B2_1,-0.06,-0.036,-0.477,-0.427,0.047,0.02,0.251,-0.198,-0.642,-0.064,1.0,0.233,0.053,0.268,0.277,0.322
8500,B2_2,-0.121,0.16,0.013,-0.132,0.272,0.186,0.166,-0.079,0.002,0.26,0.233,1.0,-0.133,-0.035,-0.055,-0.069
8500,B2_3,-0.172,-0.143,0.158,-0.057,-0.114,-0.029,-0.042,0.099,-0.347,0.083,0.053,-0.133,1.0,0.056,0.095,0.086
8500,y1,-0.375,-0.245,-0.347,-0.331,-0.165,-0.193,-0.132,-0.436,-0.373,-0.213,0.268,-0.035,0.056,1.0,0.96,0.956
8500,y2,-0.358,-0.261,-0.363,-0.385,-0.224,-0.206,-0.091,-0.396,-0.452,-0.288,0.277,-0.055,0.095,0.96,1.0,0.947
8500,y3,-0.422,-0.229,-0.406,-0.362,-0.146,-0.153,-0.075,-0.392,-0.438,-0.21,0.322,-0.069,0.086,0.956,0.947,1.0
9000,.,1.0,0.27,0.04,0.171,-0.494,-0.088,-0.025,0.277,0.053,-0.003,-0.057,-0.117,-0.163,-0.406,-0.37,-0.389
9000,A1_1,0.27,1.0,0.349,0.431,-0.318,0.11,-0.026,0.399,0.321,0.645,-0.046,0.155,-0.137,-0.238,-0.269,-0.246
9000,A1_2,0.04,0.349,1.0,0.439,-0.19,0.101,-0.118,0.309,0.45,0.541,-0.478,0.011,0.155,-0.333,-0.364,-0.418
9000,A1_3,0.171,0.431,0.439,1.0,-0.018,-0.137,-0.176,0.358,0.48,0.594,-0.431,-0.132,-0.055,-0.347,-0.408,-0.34
9000,B1_1,-0.494,-0.318,-0.19,-0.018,1.0,0.275,0.058,-0.182,-0.019,0.004,0.049,0.274,-0.111,-0.163,-0.213,-0.171
9000,B1_2,-0.088,0.11,0.101,-0.137,0.275,1.0,0.413,-0.134,0.212,0.095,0.023,0.188,-0.026,-0.165,-0.192,-0.164
9000,B1_3,-0.025,-0.026,-0.118,-0.176,0.058,0.413,1.0,0.208,0.027,-0.222,0.253,0.169,-0.04,-0.132,-0.09,-0.084
9000,A2_1,0.277,0.399,0.309,0.358,-0.182,-0.134,0.208,1.0,0.241,0.339,-0.2,-0.082,0.09,-0.456,-0.393,-0.383
9000,A2_2,0.053,0.321,0.45,0.48,-0.019,0.212,0.027,0.241,1.0,0.232,-0.638,0.0,-0.353,-0.371,-0.473,-0.425
9000,A2_3,-0.003,0.645,0.541,0.594,0.004,0.095,-0.222,0.339,0.232,1.0,-0.077,0.25,0.079,-0.229,-0.307,-0.236
9000,B2_1,-0.057,-0.046,-0.478,-0.431,0.049,0.023,0.253,-0.2,-0.638,-0.077,1.0,0.235,0.055,0.27,0.301,0.293
9000,B2_2,-0.117,0.155,0.011,-0.132,0.274,0.188,0.169,-0.082,0.0,0.25,0.235,1.0,-0.13,-0.038,-0.069,-0.081
9000,B2_3,-0.163,-0.137,0.155,-0.055,-0.111,-0.026,-0.04,0.09,-0.353,0.079,0.055,-0.13,1.0,0.047,0.114,0.078
9000,y1,-0.406,-0.238,-0.333,-0.347,-0.163,-0.165,-0.132,-0.456,-0.371,-0.229,0.27,-0.038,0.047,1.0,0.961,0.961
9000,y2,-0.37,-0.269,-0.364,-0.408,-0.213,-0.192,-0.09,-0.393,-0.473,-0.307,0.301,-0.069,0.114,0.961,1.0,0.95
9000,y3,-0.389,-0.246,-0.418,-0.34,-0.171,-0.164,-0.084,-0.383,-0.425,-0.236,0.293,-0.081,0.078,0.961,0.95,1.0
9500,.,1.0,0.276,0.039,0.176,-0.48,-0.085,-0.03,0.264,0.056,0.003,-0.063,-0.106,-0.161,-0.44,-0.35,-0.382
9500,A1_1,0.276,1.0,0.358,0.441,-0.32,0.107,-0.027,0.417,0.329,0.649,-0.059,0.147,-0.14,-0.228,-0.303,-0.246
9500,A1_2,0.039,0.358,1.0,0.455,-0.191,0.092,-0.127,0.324,0.457,0.56,-0.482,0.004,0.153,-0.285,-0.38,-0.462
9500,A1_3,0.176,0.441,0.455,1.0,-0.019,-0.137,-0.178,0.375,0.481,0.603,-0.434,-0.131,-0.053,-0.317,-0.407,-0.378
9500,B1_1,-0.48,-0.32,-0.191,-0.019,1.0,0.279,0.062,-0.191,-0.021,-0.014,0.053,0.278,-0.105,-0.165,-0.241,-0.129
9500,B1_2,-0.085,0.107,0.092,-0.137,0.279,1.0,0.414,-0.14,0.213,0.088,0.027,0.192,-0.022,-0.173,-0.185,-0.126
9500,B1_3,-0.03,-0.027,-0.127,-0.178,0.062,0.414,1.0,0.203,0.03,-0.225,0.256,0.173,-0.036,-0.148,-0.097,-0.087
9500,A2_1,0.264,0.417,0.324,0.375,-0.191,-0.14,0.203,1.0,0.248,0.359,-0.204,-0.083,0.083,-0.404,-0.419,-0.42
9500,A2_2,0.056,0.329,0.457,0.481,-0.021,0.213,0.03,0.248,1.0,0.246,-0.639,-0.002,-0.352,-0.377,-0.461,-0.437
9500,A2_3,0.003,0.649,0.56,0.603,-0.014,0.088,-0.225,0.359,0.246,1.0,-0.089,0.241,0.083,-0.207,-0.304,-0.245
9500,B2_1,-0.063,-0.059,-0.482,-0.434,0.053,0.027,0.256,-0.204,-0.639,-0.089,1.0,0.238,0.059,0.24,0.306,0.325
9500,B2_2,-0.106,0.147,0.004,-0.131,0.278,0.192,0.173,-0.083,-0.002,0.241,0.238,1.0,-0.126,-0.028,-0.101,-0.02
9500,B2_3,-0.161,-0.14,0.153,-0.053,-0.105,-0.022,-0.036,0.083,-0.352,0.083,0.059,-0.126,1.0,0.086,0.113,0.036
9500,y1,-0.44,-0.228,-0.285,-0.317,-0.165,-0.173,-0.148,-0.404,-0.377,-0.207,0.24,-0.028,0.086,1.0,0.951,0.95
9500,y2,-0.35,-0.303,-0.38,-0.407,-0.241,-0.185,-0.097,-0.419,-0.461,-0.304,0.306,-0.101,0.113,0.951,1.0,0.951
9500,y3,-0.382,-0.246,-0.462,-0.378,-0.129,-0.126,-0.087,-0.42,-0.437,-0.245,0.325,-0.02,0.036,0.95,0.951,1.0
10000,.,1.0,0.272,0.038,0.182,-0.476,-0.087,-0.028,0.249,0.053,0.009,-0.07,-0.102,-0.167,-0.367,-0.377,-0.377
10000,A1_1,0.272,1.0,0.37,0.44,-0.32,0.108,-0.03,0.42,0.334,0.655,-0.064,0.145,-0.137,-0.257,-0.314,-0.232
10000,A1_2,0.038,0.37,1.0,0.46,-0.195,0.081,-0.134,0.336,0.458,0.565,-0.481,-0.002,0.154,-0.332,-0.341,-0.45
10000,A1_3,0.182,0.44,0.46,1.0,-0.025,-0.139,-0.174,0.38,0.484,0.61,-0.434,-0.136,-0.057,-0.308,-0.379,-0.378
10000,B1_1,-0.476,-0.32,-0.195,-0.025,1.0,0.28,0.065,-0.197,-0.022,-0.019,0.055,0.279,-0.102,-0.195,-0.234,-0.155
10000,B1_2,-0.087,0.108,0.081,-0.139,0.28,1.0,0.416,-0.145,0.208,0.082,0.029,0.193,-0.021,-0.2,-0.194,-0.119
10000,B1_3,-0.028,-0.03,-0.134,-0.174,0.065,0.416,1.0,0.199,0.024,-0.228,0.258,0.175,-0.033,-0.167,-0.095,-0.094
10000,A2_1,0.249,0.42,0.336,0.38,-0.197,-0.145,0.199,1.0,0.242,0.369,-0.2,-0.091,0.084,-0.393,-0.394,-0.403
10000,A2_2,0.053,0.334,0.458,0.484,-0.022,0.208,0.024,0.242,1.0,0.257,-0.644,-0.003,-0.354,-0.367,-0.453,-0.448
10000,A2_3,0.009,0.655,0.565,0.61,-0.019,0.082,-0.228,0.369,0.257,1.0,-0.097,0.239,0.078,-0.233,-0.295,-0.249
10000,B2_1,-0.07,-0.064,-0.481,-0.434,0.055,0.029,0.258,-0.2,-0.644,-0.097,1.0,0.238,0.063,0.252,0.255,0.336
10000,B2_2,-0.102,0.145,-0.002,-0.136,0.279,0.193,0.175,-0.091,-0.003,0.239,0.238,1.0,-0.122,-0.065,-0.115,-0.026
10000,B2_3,-0.167,-0.137,0.154,-0.057,-0.102,-0.021,-0.033,0.084,-0.354,0.078,0.063,-0.122,1.0,0.056,0.141,0.047
10000,y1,-0.367,-0.257,-0.332,-0.308,-0.195,-0.2,-0.167,-0.393,-0.367,-0.233,0.252,-0.065,0.056,1.0,0.958,0.965
10000,y2,-0.377,-0.314,-0.341,-0.379,-0.234,-0.194,-0.095,-0.394,-0.453,-0.295,0.255,-0.115,0.141,0.958,1.0,0.946
10000,y3,-0.377,-0.232,-0.45,-0.378,-0.155,-0.119,-0.094,-0.403,-0.448,-0.249,0.336,-0.026,0.047,0.965,0.946,1.0
