,,.,A1_1,A1_2,A1_3,B1_1,B1_2,B1_3,A2_1,A2_2,A2_3,B2_1,B2_2,B2_3,y1,y2,y3
2,.,0.087,0.016,0.076,0.052,0.02,0.029,0.017,0.04,0.018,0.014,0.055,0.111,0.031,0.105,0.239,0.088
2,A1_1,0.672,0.01,0.016,0.015,0.033,0.033,0.075,0.015,0.012,0.044,0.012,0.014,0.007,0.016,0.008,0.018
2,A1_2,0.343,0.004,0.009,0.008,0.241,0.043,0.153,0.008,0.013,0.025,0.012,0.018,0.018,0.044,0.029,0.033
2,A1_3,0.412,0.012,0.014,0.006,0.146,0.058,0.087,0.021,0.019,0.035,0.011,0.012,0.014,0.086,0.037,0.03
2,B1_1,0.062,0.021,0.214,0.511,0.003,0.009,0.009,0.014,0.004,0.006,0.023,0.035,0.012,0.016,0.031,0.029
2,B1_2,0.172,0.131,0.155,0.072,0.015,0.021,0.016,0.019,0.005,0.012,0.015,0.03,0.027,0.242,0.05,0.019
2,B1_3,0.112,0.068,0.3,0.151,0.008,0.021,0.017,0.022,0.011,0.01,0.014,0.024,0.014,0.115,0.068,0.043
2,A2_1,0.087,0.008,0.021,0.013,0.041,0.008,0.025,0.005,0.001,0.007,0.022,0.349,0.08,0.269,0.053,0.013
2,A2_2,0.089,0.03,0.028,0.009,0.046,0.025,0.016,0.03,0.015,0.016,0.023,0.028,0.03,0.4,0.179,0.038
2,A2_3,0.133,0.006,0.016,0.022,0.013,0.006,0.017,0.007,0.001,0.014,0.047,0.556,0.06,0.063,0.027,0.012
2,B2_1,0.109,0.013,0.01,0.006,0.011,0.015,0.012,0.048,0.429,0.137,0.006,0.003,0.004,0.009,0.044,0.145
2,B2_2,0.416,0.038,0.018,0.016,0.011,0.02,0.017,0.076,0.077,0.187,0.018,0.009,0.01,0.02,0.023,0.043
2,B2_3,0.388,0.057,0.024,0.016,0.01,0.027,0.014,0.102,0.092,0.149,0.017,0.005,0.007,0.024,0.027,0.042
2,y1,0.467,0.045,0.062,0.09,0.012,0.022,0.03,0.033,0.019,0.067,0.027,0.03,0.017,0.024,0.02,0.035
2,y2,0.451,0.127,0.024,0.02,0.014,0.009,0.02,0.02,0.021,0.15,0.009,0.014,0.027,0.065,0.011,0.018
2,y3,0.436,0.016,0.02,0.023,0.049,0.046,0.049,0.039,0.029,0.06,0.042,0.034,0.019,0.036,0.05,0.051
4,.,0.123,0.018,0.014,0.015,0.116,0.048,0.08,0.025,0.013,0.007,0.027,0.032,0.049,0.109,0.175,0.15
4,A1_1,0.314,0.036,0.024,0.02,0.141,0.219,0.038,0.019,0.005,0.005,0.009,0.012,0.012,0.034,0.077,0.034
4,A1_2,0.336,0.07,0.016,0.016,0.1,0.086,0.024,0.029,0.009,0.01,0.017,0.016,0.018,0.066,0.113,0.073
4,A1_3,0.197,0.014,0.027,0.021,0.121,0.191,0.104,0.041,0.024,0.037,0.005,0.02,0.016,0.03,0.068,0.083
4,B1_1,0.217,0.171,0.05,0.049,0.015,0.024,0.045,0.009,0.015,0.029,0.035,0.031,0.027,0.055,0.114,0.113
4,B1_2,0.164,0.528,0.014,0.015,0.016,0.024,0.013,0.01,0.01,0.007,0.01,0.013,0.013,0.03,0.073,0.06
4,B1_3,0.128,0.686,0.03,0.022,0.004,0.019,0.006,0.004,0.007,0.008,0.007,0.012,0.008,0.012,0.025,0.021
4,A2_1,0.305,0.023,0.044,0.039,0.027,0.046,0.031,0.033,0.032,0.029,0.054,0.116,0.095,0.036,0.045,0.044
4,A2_2,0.115,0.051,0.009,0.013,0.023,0.011,0.025,0.035,0.042,0.044,0.053,0.036,0.032,0.192,0.108,0.212
4,A2_3,0.192,0.02,0.011,0.018,0.016,0.012,0.013,0.026,0.014,0.014,0.315,0.073,0.044,0.134,0.054,0.044
4,B2_1,0.101,0.01,0.024,0.022,0.011,0.042,0.044,0.05,0.126,0.401,0.005,0.035,0.012,0.024,0.019,0.074
4,B2_2,0.117,0.021,0.012,0.016,0.012,0.016,0.018,0.046,0.082,0.292,0.018,0.024,0.011,0.134,0.039,0.143
4,B2_3,0.219,0.015,0.008,0.01,0.037,0.071,0.02,0.216,0.115,0.081,0.011,0.056,0.024,0.037,0.028,0.051
4,y1,0.497,0.042,0.085,0.06,0.018,0.088,0.024,0.013,0.012,0.042,0.013,0.03,0.019,0.011,0.026,0.02
4,y2,0.439,0.022,0.098,0.067,0.021,0.089,0.041,0.014,0.014,0.058,0.014,0.038,0.024,0.011,0.027,0.024
4,y3,0.619,0.053,0.016,0.018,0.038,0.062,0.007,0.026,0.007,0.02,0.02,0.013,0.01,0.033,0.035,0.023
6,.,0.157,0.029,0.028,0.021,0.034,0.02,0.03,0.018,0.025,0.023,0.022,0.016,0.218,0.182,0.058,0.12
6,A1_1,0.174,0.022,0.029,0.033,0.079,0.107,0.062,0.028,0.035,0.021,0.018,0.014,0.076,0.096,0.07,0.134
6,A1_2,0.07,0.029,0.028,0.017,0.17,0.111,0.291,0.013,0.003,0.004,0.01,0.007,0.031,0.067,0.047,0.102
6,A1_3,0.218,0.011,0.015,0.023,0.077,0.311,0.046,0.037,0.048,0.029,0.005,0.007,0.007,0.036,0.059,0.07
6,B1_1,0.545,0.031,0.196,0.078,0.014,0.007,0.017,0.003,0.004,0.017,0.014,0.014,0.004,0.022,0.014,0.02
6,B1_2,0.667,0.013,0.019,0.019,0.011,0.012,0.006,0.006,0.056,0.061,0.009,0.012,0.031,0.038,0.016,0.022
6,B1_3,0.689,0.023,0.064,0.03,0.022,0.014,0.015,0.004,0.009,0.038,0.01,0.009,0.009,0.027,0.014,0.022
6,A2_1,0.006,0.002,0.001,0.001,0.003,0.001,0.002,0.001,0.003,0.001,0.006,0.002,0.919,0.031,0.004,0.017
6,A2_2,0.152,0.016,0.033,0.024,0.009,0.01,0.014,0.007,0.015,0.006,0.256,0.112,0.063,0.076,0.101,0.106
6,A2_3,0.196,0.016,0.034,0.032,0.018,0.029,0.015,0.019,0.027,0.019,0.078,0.051,0.035,0.117,0.154,0.162
6,B2_1,0.253,0.007,0.008,0.012,0.007,0.025,0.004,0.019,0.428,0.111,0.006,0.01,0.014,0.036,0.03,0.03
6,B2_2,0.344,0.013,0.018,0.016,0.014,0.025,0.005,0.022,0.082,0.155,0.012,0.011,0.025,0.107,0.064,0.086
6,B2_3,0.049,0.002,0.001,0.004,0.001,0.012,0.001,0.016,0.817,0.026,0.004,0.008,0.008,0.014,0.022,0.014
6,y1,0.571,0.034,0.085,0.05,0.026,0.019,0.035,0.006,0.018,0.019,0.02,0.022,0.017,0.031,0.02,0.027
6,y2,0.672,0.009,0.016,0.019,0.016,0.017,0.006,0.004,0.036,0.032,0.02,0.019,0.068,0.027,0.014,0.026
6,y3,0.622,0.015,0.033,0.032,0.058,0.072,0.032,0.007,0.018,0.02,0.009,0.01,0.016,0.017,0.014,0.025
8,.,0.193,0.051,0.061,0.042,0.029,0.047,0.019,0.035,0.025,0.033,0.05,0.051,0.041,0.114,0.114,0.094
8,A1_1,0.336,0.015,0.027,0.017,0.06,0.06,0.112,0.011,0.017,0.021,0.008,0.013,0.02,0.036,0.064,0.184
8,A1_2,0.358,0.012,0.021,0.014,0.059,0.056,0.098,0.017,0.029,0.034,0.004,0.011,0.018,0.03,0.053,0.185
8,A1_3,0.291,0.01,0.009,0.007,0.25,0.057,0.037,0.013,0.033,0.031,0.021,0.014,0.019,0.023,0.07,0.114
8,B1_1,0.202,0.114,0.268,0.1,0.005,0.016,0.013,0.028,0.011,0.015,0.006,0.021,0.013,0.116,0.041,0.032
8,B1_2,0.261,0.072,0.068,0.037,0.017,0.03,0.022,0.028,0.027,0.031,0.025,0.018,0.016,0.12,0.161,0.069
8,B1_3,0.244,0.123,0.211,0.073,0.014,0.02,0.015,0.018,0.01,0.01,0.012,0.019,0.011,0.102,0.076,0.041
8,A2_1,0.163,0.024,0.026,0.02,0.025,0.068,0.032,0.019,0.012,0.019,0.09,0.08,0.089,0.067,0.133,0.131
8,A2_2,0.052,0.008,0.004,0.004,0.011,0.019,0.004,0.009,0.006,0.006,0.591,0.105,0.1,0.016,0.047,0.019
8,A2_3,0.234,0.032,0.035,0.022,0.018,0.04,0.017,0.029,0.021,0.021,0.124,0.116,0.094,0.047,0.092,0.058
8,B2_1,0.144,0.008,0.007,0.009,0.017,0.014,0.006,0.073,0.292,0.317,0.005,0.009,0.008,0.035,0.026,0.029
8,B2_2,0.196,0.027,0.032,0.027,0.015,0.023,0.008,0.156,0.126,0.181,0.007,0.02,0.025,0.08,0.035,0.043
8,B2_3,0.199,0.021,0.022,0.017,0.014,0.018,0.007,0.119,0.152,0.244,0.007,0.013,0.013,0.087,0.037,0.03
8,y1,0.52,0.025,0.026,0.013,0.079,0.027,0.012,0.048,0.05,0.043,0.017,0.023,0.03,0.025,0.034,0.027
8,y2,0.595,0.044,0.065,0.02,0.056,0.021,0.019,0.018,0.018,0.012,0.009,0.014,0.014,0.023,0.041,0.029
8,y3,0.424,0.016,0.023,0.015,0.032,0.043,0.027,0.067,0.042,0.056,0.017,0.042,0.084,0.031,0.029,0.052
10,.,0.113,0.048,0.045,0.025,0.023,0.02,0.039,0.019,0.041,0.045,0.036,0.038,0.042,0.171,0.109,0.186
10,A1_1,0.159,0.008,0.029,0.014,0.086,0.076,0.263,0.03,0.013,0.032,0.013,0.016,0.017,0.157,0.045,0.044
10,A1_2,0.144,0.003,0.008,0.003,0.111,0.082,0.431,0.02,0.004,0.023,0.006,0.011,0.016,0.085,0.022,0.029
10,A1_3,0.11,0.015,0.021,0.015,0.256,0.09,0.172,0.045,0.008,0.024,0.003,0.003,0.002,0.184,0.016,0.037
10,B1_1,0.1,0.057,0.242,0.403,0.013,0.009,0.008,0.005,0.006,0.003,0.012,0.011,0.008,0.055,0.026,0.045
10,B1_2,0.217,0.053,0.06,0.082,0.052,0.033,0.042,0.029,0.034,0.019,0.023,0.016,0.014,0.127,0.033,0.164
10,B1_3,0.168,0.51,0.027,0.036,0.01,0.005,0.003,0.008,0.011,0.011,0.008,0.01,0.01,0.037,0.019,0.126
10,A2_1,0.288,0.037,0.025,0.014,0.023,0.022,0.045,0.021,0.028,0.036,0.042,0.071,0.078,0.083,0.089,0.099
10,A2_2,0.137,0.016,0.011,0.005,0.008,0.012,0.026,0.007,0.005,0.011,0.082,0.118,0.338,0.03,0.105,0.09
10,A2_3,0.18,0.024,0.015,0.007,0.005,0.007,0.015,0.006,0.012,0.015,0.075,0.163,0.257,0.029,0.112,0.079
10,B2_1,0.531,0.03,0.007,0.003,0.031,0.02,0.03,0.062,0.07,0.131,0.007,0.005,0.004,0.036,0.009,0.026
10,B2_2,0.15,0.013,0.015,0.004,0.019,0.019,0.041,0.059,0.149,0.209,0.029,0.022,0.02,0.121,0.093,0.036
10,B2_3,0.102,0.012,0.009,0.004,0.004,0.004,0.005,0.038,0.564,0.134,0.015,0.011,0.004,0.045,0.029,0.021
10,y1,0.515,0.021,0.024,0.016,0.012,0.013,0.018,0.031,0.081,0.041,0.043,0.042,0.031,0.036,0.038,0.038
10,y2,0.773,0.024,0.007,0.005,0.026,0.018,0.025,0.028,0.011,0.018,0.008,0.011,0.011,0.014,0.008,0.013
10,y3,0.462,0.024,0.011,0.008,0.069,0.04,0.056,0.079,0.043,0.059,0.013,0.01,0.01,0.06,0.02,0.035
12,.,0.091,0.035,0.029,0.04,0.026,0.026,0.045,0.033,0.025,0.029,0.023,0.136,0.065,0.067,0.116,0.214
12,A1_1,0.116,0.008,0.029,0.027,0.136,0.227,0.047,0.012,0.023,0.022,0.016,0.05,0.033,0.088,0.056,0.11
12,A1_2,0.5,0.008,0.033,0.008,0.141,0.073,0.017,0.011,0.018,0.011,0.031,0.02,0.011,0.052,0.041,0.023
12,A1_3,0.389,0.004,0.006,0.005,0.267,0.114,0.036,0.011,0.025,0.015,0.021,0.021,0.006,0.033,0.027,0.019
12,B1_1,0.099,0.04,0.412,0.185,0.01,0.026,0.015,0.01,0.01,0.008,0.011,0.015,0.016,0.038,0.041,0.064
12,B1_2,0.178,0.095,0.06,0.049,0.017,0.012,0.03,0.041,0.031,0.029,0.03,0.052,0.027,0.059,0.138,0.153
12,B1_3,0.035,0.032,0.724,0.036,0.008,0.012,0.007,0.001,0.002,0.001,0.006,0.014,0.009,0.03,0.028,0.055
12,A2_1,0.208,0.008,0.014,0.013,0.021,0.023,0.018,0.016,0.011,0.011,0.031,0.262,0.218,0.04,0.047,0.058
12,A2_2,0.431,0.014,0.017,0.017,0.02,0.017,0.022,0.027,0.021,0.014,0.043,0.109,0.089,0.042,0.074,0.042
12,A2_3,0.271,0.01,0.008,0.004,0.023,0.01,0.021,0.013,0.01,0.007,0.04,0.337,0.126,0.027,0.052,0.04
12,B2_1,0.169,0.023,0.015,0.033,0.021,0.023,0.013,0.116,0.073,0.093,0.027,0.008,0.013,0.102,0.17,0.101
12,B2_2,0.1,0.034,0.003,0.025,0.01,0.007,0.019,0.235,0.063,0.127,0.023,0.032,0.022,0.044,0.133,0.125
12,B2_3,0.171,0.028,0.005,0.016,0.02,0.01,0.022,0.178,0.075,0.086,0.032,0.022,0.013,0.057,0.179,0.087
12,y1,0.479,0.016,0.006,0.021,0.049,0.03,0.055,0.05,0.052,0.041,0.028,0.042,0.015,0.029,0.05,0.037
12,y2,0.662,0.003,0.007,0.01,0.078,0.062,0.014,0.018,0.026,0.019,0.023,0.01,0.008,0.028,0.021,0.01
12,y3,0.293,0.016,0.01,0.01,0.091,0.032,0.077,0.013,0.013,0.01,0.026,0.292,0.033,0.018,0.028,0.039
14,.,0.068,0.02,0.052,0.028,0.023,0.018,0.021,0.014,0.034,0.011,0.007,0.022,0.007,0.492,0.077,0.105
14,A1_1,0.208,0.027,0.027,0.035,0.04,0.058,0.016,0.016,0.018,0.011,0.012,0.015,0.013,0.277,0.183,0.045
14,A1_2,0.152,0.003,0.013,0.009,0.424,0.04,0.233,0.004,0.009,0.004,0.007,0.015,0.009,0.043,0.023,0.012
14,A1_3,0.334,0.011,0.027,0.028,0.18,0.068,0.067,0.004,0.005,0.007,0.013,0.015,0.016,0.115,0.076,0.034
14,B1_1,0.465,0.045,0.059,0.147,0.011,0.019,0.013,0.035,0.012,0.006,0.015,0.016,0.026,0.038,0.022,0.072
14,B1_2,0.142,0.045,0.045,0.056,0.003,0.007,0.007,0.059,0.031,0.034,0.024,0.029,0.04,0.11,0.041,0.329
14,B1_3,0.25,0.288,0.068,0.079,0.009,0.023,0.005,0.079,0.033,0.011,0.007,0.009,0.009,0.055,0.045,0.031
14,A2_1,0.323,0.02,0.018,0.032,0.041,0.043,0.025,0.056,0.029,0.017,0.056,0.057,0.087,0.049,0.089,0.058
14,A2_2,0.171,0.005,0.003,0.01,0.011,0.012,0.01,0.015,0.004,0.011,0.206,0.08,0.36,0.01,0.031,0.061
14,A2_3,0.266,0.023,0.012,0.024,0.026,0.03,0.016,0.077,0.028,0.016,0.1,0.083,0.16,0.024,0.066,0.049
14,B2_1,0.231,0.031,0.031,0.018,0.031,0.024,0.052,0.063,0.078,0.108,0.009,0.013,0.014,0.121,0.076,0.1
14,B2_2,0.298,0.031,0.016,0.017,0.033,0.029,0.035,0.118,0.067,0.11,0.017,0.017,0.033,0.036,0.076,0.069
14,B2_3,0.072,0.023,0.011,0.014,0.001,0.003,0.004,0.438,0.295,0.044,0.004,0.007,0.007,0.02,0.018,0.039
14,y1,0.495,0.028,0.016,0.048,0.03,0.043,0.017,0.093,0.029,0.009,0.031,0.028,0.054,0.016,0.046,0.02
14,y2,0.442,0.02,0.013,0.036,0.133,0.082,0.043,0.037,0.02,0.006,0.022,0.021,0.031,0.023,0.059,0.011
14,y3,0.444,0.032,0.02,0.043,0.021,0.032,0.02,0.096,0.038,0.017,0.036,0.031,0.06,0.026,0.047,0.037
16,.,0.081,0.012,0.037,0.04,0.034,0.017,0.026,0.037,0.022,0.024,0.03,0.057,0.025,0.263,0.176,0.121
16,A1_1,0.122,0.036,0.045,0.009,0.188,0.139,0.129,0.012,0.039,0.01,0.039,0.006,0.013,0.081,0.087,0.044
16,A1_2,0.043,0.007,0.026,0.008,0.344,0.071,0.101,0.012,0.016,0.01,0.011,0.008,0.008,0.186,0.095,0.054
16,A1_3,0.077,0.009,0.004,0.004,0.448,0.15,0.082,0.004,0.016,0.007,0.023,0.01,0.009,0.067,0.066,0.023
16,B1_1,0.02,0.003,0.28,0.057,0.004,0.001,0.008,0.116,0.021,0.024,0.003,0.029,0.01,0.189,0.053,0.183
16,B1_2,0.114,0.057,0.279,0.125,0.013,0.009,0.023,0.028,0.014,0.018,0.015,0.016,0.021,0.116,0.071,0.079
16,B1_3,0.14,0.161,0.295,0.064,0.011,0.021,0.027,0.02,0.035,0.017,0.033,0.008,0.022,0.046,0.054,0.047
16,A2_1,0.299,0.016,0.021,0.03,0.021,0.017,0.021,0.037,0.03,0.015,0.074,0.075,0.04,0.09,0.125,0.09
16,A2_2,0.383,0.024,0.009,0.021,0.012,0.022,0.014,0.015,0.017,0.007,0.191,0.076,0.048,0.031,0.092,0.039
16,A2_3,0.559,0.01,0.009,0.023,0.007,0.005,0.01,0.04,0.036,0.01,0.043,0.069,0.033,0.034,0.047,0.066
16,B2_1,0.319,0.02,0.025,0.012,0.023,0.017,0.026,0.06,0.25,0.025,0.021,0.018,0.019,0.042,0.044,0.081
16,B2_2,0.373,0.013,0.051,0.019,0.013,0.008,0.026,0.098,0.127,0.016,0.022,0.021,0.021,0.044,0.042,0.105
16,B2_3,0.128,0.02,0.069,0.02,0.028,0.016,0.031,0.073,0.234,0.038,0.015,0.018,0.018,0.095,0.066,0.131
16,y1,0.552,0.029,0.044,0.022,0.015,0.013,0.027,0.038,0.069,0.01,0.036,0.019,0.026,0.02,0.028,0.053
16,y2,0.66,0.042,0.023,0.042,0.006,0.007,0.012,0.019,0.025,0.007,0.043,0.024,0.034,0.01,0.018,0.027
16,y3,0.462,0.035,0.031,0.033,0.029,0.021,0.032,0.037,0.062,0.015,0.048,0.032,0.038,0.03,0.042,0.052
18,.,0.048,0.005,0.004,0.013,0.004,0.012,0.007,0.013,0.093,0.016,0.016,0.007,0.014,0.108,0.138,0.502
18,A1_1,0.171,0.02,0.019,0.021,0.079,0.151,0.053,0.02,0.012,0.019,0.026,0.023,0.018,0.177,0.115,0.076
18,A1_2,0.169,0.038,0.028,0.03,0.08,0.086,0.04,0.018,0.037,0.026,0.018,0.011,0.009,0.186,0.108,0.116
18,A1_3,0.302,0.061,0.041,0.029,0.111,0.105,0.049,0.03,0.011,0.033,0.013,0.019,0.008,0.101,0.059,0.028
18,B1_1,0.37,0.049,0.057,0.196,0.015,0.012,0.01,0.027,0.033,0.013,0.02,0.01,0.012,0.078,0.058,0.04
18,B1_2,0.229,0.038,0.033,0.107,0.009,0.013,0.009,0.016,0.06,0.016,0.036,0.014,0.029,0.12,0.123,0.149
18,B1_3,0.13,0.024,0.035,0.095,0.012,0.025,0.012,0.01,0.034,0.009,0.025,0.008,0.016,0.196,0.171,0.198
18,A2_1,0.129,0.01,0.006,0.006,0.01,0.019,0.014,0.014,0.012,0.018,0.152,0.06,0.372,0.04,0.082,0.058
18,A2_2,0.112,0.01,0.009,0.015,0.007,0.013,0.011,0.011,0.023,0.011,0.157,0.03,0.282,0.062,0.12,0.129
18,A2_3,0.18,0.009,0.008,0.016,0.015,0.022,0.02,0.023,0.026,0.014,0.16,0.045,0.239,0.063,0.088,0.072
18,B2_1,0.136,0.009,0.006,0.022,0.006,0.007,0.009,0.06,0.282,0.039,0.021,0.01,0.017,0.072,0.08,0.224
18,B2_2,0.338,0.009,0.006,0.025,0.021,0.012,0.02,0.301,0.095,0.047,0.009,0.016,0.006,0.034,0.023,0.035
18,B2_3,0.442,0.026,0.019,0.057,0.027,0.024,0.021,0.118,0.05,0.043,0.011,0.019,0.007,0.065,0.04,0.031
18,y1,0.496,0.046,0.027,0.075,0.045,0.027,0.023,0.036,0.022,0.02,0.024,0.026,0.018,0.057,0.035,0.023
18,y2,0.497,0.052,0.039,0.103,0.062,0.023,0.022,0.036,0.018,0.014,0.016,0.015,0.009,0.053,0.026,0.015
18,y3,0.414,0.03,0.019,0.069,0.02,0.007,0.013,0.053,0.187,0.027,0.031,0.012,0.017,0.042,0.027,0.034
20,.,0.072,0.007,0.012,0.007,0.014,0.019,0.016,0.26,0.035,0.119,0.083,0.078,0.013,0.084,0.053,0.128
20,A1_1,0.316,0.013,0.013,0.015,0.036,0.207,0.023,0.011,0.031,0.033,0.018,0.04,0.017,0.054,0.045,0.128
20,A1_2,0.43,0.022,0.046,0.036,0.019,0.03,0.085,0.028,0.053,0.025,0.01,0.022,0.011,0.055,0.072,0.054
20,A1_3,0.172,0.016,0.015,0.017,0.135,0.115,0.041,0.038,0.018,0.018,0.041,0.035,0.016,0.12,0.136,0.067
20,B1_1,0.097,0.035,0.113,0.179,0.012,0.012,0.011,0.033,0.016,0.04,0.014,0.025,0.008,0.246,0.117,0.041
20,B1_2,0.131,0.048,0.096,0.133,0.019,0.02,0.017,0.045,0.02,0.034,0.024,0.044,0.014,0.191,0.113,0.05
20,B1_3,0.397,0.046,0.135,0.19,0.004,0.004,0.009,0.014,0.04,0.022,0.009,0.026,0.024,0.04,0.026,0.015
20,A2_1,0.137,0.013,0.019,0.013,0.023,0.054,0.015,0.024,0.016,0.025,0.137,0.186,0.071,0.106,0.059,0.103
20,A2_2,0.063,0.011,0.016,0.013,0.02,0.017,0.009,0.039,0.009,0.019,0.213,0.117,0.094,0.2,0.084,0.077
20,A2_3,0.122,0.015,0.017,0.015,0.024,0.036,0.012,0.054,0.022,0.033,0.151,0.201,0.065,0.096,0.054,0.08
20,B2_1,0.206,0.01,0.025,0.019,0.008,0.01,0.017,0.218,0.112,0.19,0.016,0.027,0.006,0.04,0.034,0.061
20,B2_2,0.026,0.004,0.005,0.004,0.003,0.001,0.003,0.787,0.031,0.086,0.01,0.006,0.001,0.01,0.01,0.013
20,B2_3,0.275,0.015,0.018,0.014,0.012,0.022,0.017,0.113,0.119,0.095,0.033,0.048,0.026,0.048,0.032,0.11
20,y1,0.35,0.029,0.048,0.047,0.016,0.031,0.012,0.024,0.036,0.033,0.053,0.157,0.048,0.046,0.034,0.038
20,y2,0.26,0.059,0.054,0.087,0.03,0.027,0.009,0.037,0.024,0.023,0.061,0.087,0.062,0.086,0.056,0.038
20,y3,0.608,0.03,0.042,0.063,0.013,0.023,0.008,0.011,0.044,0.022,0.014,0.037,0.029,0.02,0.018,0.019
22,.,0.173,0.082,0.036,0.039,0.055,0.017,0.034,0.023,0.015,0.019,0.034,0.062,0.017,0.116,0.1,0.177
22,A1_1,0.137,0.021,0.009,0.014,0.03,0.07,0.11,0.012,0.008,0.009,0.007,0.024,0.007,0.055,0.055,0.433
22,A1_2,0.427,0.019,0.016,0.016,0.155,0.051,0.057,0.019,0.011,0.018,0.02,0.029,0.008,0.047,0.081,0.027
22,A1_3,0.3,0.009,0.007,0.01,0.038,0.15,0.082,0.015,0.019,0.016,0.022,0.027,0.018,0.05,0.11,0.129
22,B1_1,0.362,0.092,0.132,0.145,0.022,0.008,0.015,0.02,0.013,0.022,0.034,0.015,0.014,0.038,0.031,0.035
22,B1_2,0.345,0.154,0.065,0.083,0.039,0.011,0.033,0.024,0.01,0.027,0.021,0.021,0.007,0.064,0.023,0.074
22,B1_3,0.274,0.082,0.05,0.062,0.053,0.019,0.041,0.027,0.02,0.037,0.017,0.029,0.012,0.096,0.065,0.116
22,A2_1,0.138,0.016,0.017,0.012,0.02,0.022,0.019,0.019,0.039,0.017,0.078,0.12,0.072,0.115,0.186,0.109
22,A2_2,0.35,0.014,0.013,0.02,0.006,0.007,0.005,0.003,0.009,0.012,0.401,0.024,0.07,0.024,0.033,0.011
22,A2_3,0.333,0.011,0.013,0.015,0.009,0.012,0.009,0.006,0.02,0.015,0.322,0.038,0.075,0.037,0.066,0.019
22,B2_1,0.487,0.01,0.004,0.012,0.015,0.019,0.018,0.011,0.059,0.201,0.017,0.01,0.015,0.068,0.043,0.011
22,B2_2,0.321,0.035,0.014,0.018,0.046,0.012,0.025,0.024,0.053,0.137,0.021,0.034,0.013,0.151,0.061,0.036
22,B2_3,0.12,0.01,0.013,0.01,0.017,0.015,0.011,0.105,0.241,0.088,0.018,0.027,0.015,0.11,0.16,0.041
22,y1,0.459,0.036,0.085,0.044,0.053,0.021,0.026,0.069,0.025,0.019,0.024,0.028,0.01,0.039,0.044,0.017
22,y2,0.52,0.028,0.032,0.032,0.018,0.016,0.018,0.026,0.044,0.062,0.047,0.019,0.021,0.057,0.035,0.024
22,y3,0.584,0.014,0.011,0.013,0.027,0.022,0.041,0.008,0.012,0.024,0.053,0.056,0.027,0.056,0.036,0.016
24,.,0.085,0.017,0.04,0.018,0.014,0.024,0.02,0.013,0.018,0.01,0.011,0.047,0.045,0.078,0.056,0.502
24,A1_1,0.191,0.004,0.028,0.01,0.11,0.065,0.124,0.012,0.01,0.004,0.011,0.038,0.019,0.077,0.025,0.273
24,A1_2,0.191,0.011,0.016,0.018,0.273,0.073,0.088,0.014,0.014,0.022,0.01,0.012,0.007,0.085,0.053,0.111
24,A1_3,0.13,0.027,0.074,0.036,0.115,0.141,0.092,0.011,0.014,0.011,0.012,0.008,0.015,0.115,0.04,0.158
24,B1_1,0.05,0.083,0.383,0.044,0.004,0.021,0.007,0.012,0.016,0.003,0.012,0.009,0.027,0.063,0.022,0.243
24,B1_2,0.068,0.576,0.082,0.075,0.005,0.012,0.002,0.012,0.019,0.019,0.012,0.003,0.013,0.03,0.05,0.021
24,B1_3,0.272,0.211,0.052,0.054,0.019,0.022,0.01,0.025,0.032,0.033,0.031,0.02,0.035,0.049,0.089,0.045
24,A2_1,0.333,0.02,0.031,0.015,0.014,0.021,0.024,0.021,0.023,0.012,0.042,0.109,0.107,0.05,0.053,0.124
24,A2_2,0.237,0.016,0.019,0.019,0.012,0.032,0.022,0.014,0.02,0.014,0.052,0.104,0.134,0.056,0.075,0.176
24,A2_3,0.191,0.005,0.008,0.011,0.013,0.019,0.016,0.018,0.018,0.008,0.017,0.259,0.058,0.035,0.044,0.28
24,B2_1,0.33,0.023,0.015,0.011,0.03,0.02,0.021,0.08,0.095,0.125,0.03,0.026,0.02,0.037,0.081,0.057
24,B2_2,0.19,0.069,0.011,0.023,0.023,0.014,0.008,0.049,0.07,0.179,0.02,0.023,0.02,0.046,0.174,0.082
24,B2_3,0.18,0.008,0.023,0.008,0.024,0.019,0.027,0.08,0.074,0.04,0.015,0.05,0.019,0.05,0.055,0.33
24,y1,0.389,0.037,0.124,0.024,0.017,0.022,0.022,0.033,0.024,0.005,0.05,0.042,0.042,0.048,0.028,0.092
24,y2,0.474,0.043,0.053,0.029,0.027,0.056,0.033,0.043,0.05,0.019,0.034,0.027,0.026,0.029,0.028,0.028
24,y3,0.46,0.022,0.103,0.019,0.029,0.056,0.062,0.028,0.028,0.006,0.036,0.027,0.033,0.035,0.016,0.043
26,.,0.041,0.026,0.023,0.014,0.015,0.008,0.015,0.025,0.017,0.016,0.019,0.008,0.009,0.097,0.123,0.545
26,A1_1,0.095,0.009,0.02,0.012,0.039,0.02,0.128,0.025,0.012,0.007,0.02,0.008,0.008,0.202,0.172,0.226
26,A1_2,0.101,0.021,0.025,0.011,0.056,0.032,0.205,0.026,0.016,0.008,0.012,0.01,0.007,0.115,0.137,0.218
26,A1_3,0.219,0.009,0.017,0.009,0.033,0.058,0.094,0.028,0.033,0.028,0.041,0.027,0.021,0.157,0.131,0.094
26,B1_1,0.06,0.199,0.491,0.098,0.011,0.004,0.009,0.004,0.002,0.004,0.009,0.004,0.005,0.016,0.015,0.068
26,B1_2,0.245,0.149,0.073,0.047,0.026,0.012,0.019,0.082,0.036,0.049,0.031,0.013,0.022,0.032,0.063,0.101
26,B1_3,0.053,0.517,0.248,0.054,0.009,0.005,0.008,0.006,0.004,0.008,0.004,0.005,0.005,0.004,0.011,0.058
26,A2_1,0.239,0.023,0.017,0.009,0.016,0.103,0.018,0.01,0.019,0.02,0.154,0.19,0.052,0.041,0.052,0.035
26,A2_2,0.293,0.025,0.02,0.013,0.013,0.029,0.021,0.037,0.036,0.08,0.076,0.036,0.055,0.062,0.112,0.093
26,A2_3,0.392,0.015,0.017,0.014,0.019,0.039,0.018,0.028,0.019,0.033,0.172,0.056,0.048,0.044,0.059,0.025
26,B2_1,0.113,0.011,0.006,0.005,0.007,0.012,0.008,0.096,0.157,0.426,0.012,0.007,0.012,0.03,0.051,0.048
26,B2_2,0.086,0.009,0.003,0.003,0.005,0.007,0.006,0.127,0.12,0.481,0.008,0.004,0.009,0.028,0.061,0.044
26,B2_3,0.125,0.012,0.005,0.004,0.018,0.02,0.014,0.125,0.343,0.183,0.011,0.01,0.011,0.03,0.039,0.051
26,y1,0.242,0.084,0.177,0.071,0.064,0.047,0.03,0.015,0.017,0.015,0.088,0.04,0.016,0.03,0.024,0.04
26,y2,0.416,0.044,0.032,0.017,0.038,0.049,0.066,0.057,0.052,0.066,0.027,0.022,0.021,0.025,0.044,0.024
26,y3,0.338,0.04,0.052,0.031,0.076,0.047,0.054,0.044,0.037,0.026,0.072,0.029,0.02,0.042,0.045,0.045
28,.,0.147,0.032,0.027,0.037,0.046,0.036,0.037,0.054,0.074,0.055,0.023,0.015,0.016,0.124,0.174,0.102
28,A1_1,0.213,0.023,0.021,0.019,0.122,0.177,0.099,0.037,0.027,0.024,0.012,0.036,0.021,0.088,0.049,0.032
28,A1_2,0.191,0.025,0.017,0.022,0.179,0.074,0.062,0.015,0.022,0.03,0.011,0.011,0.006,0.094,0.182,0.058
28,A1_3,0.184,0.025,0.015,0.012,0.15,0.217,0.071,0.027,0.016,0.014,0.016,0.036,0.021,0.112,0.057,0.026
28,B1_1,0.122,0.054,0.284,0.372,0.011,0.008,0.008,0.029,0.005,0.003,0.003,0.004,0.011,0.024,0.022,0.04
28,B1_2,0.145,0.064,0.11,0.188,0.022,0.017,0.02,0.04,0.02,0.013,0.011,0.008,0.015,0.094,0.103,0.131
28,B1_3,0.202,0.15,0.183,0.175,0.03,0.016,0.011,0.057,0.021,0.008,0.006,0.012,0.033,0.042,0.025,0.029
28,A2_1,0.129,0.015,0.013,0.009,0.012,0.064,0.019,0.018,0.01,0.012,0.137,0.326,0.131,0.056,0.021,0.026
28,A2_2,0.014,0.001,0.001,0.001,0.001,0.008,0.003,0.006,0.004,0.007,0.698,0.145,0.066,0.019,0.013,0.012
28,A2_3,0.162,0.01,0.022,0.04,0.011,0.015,0.021,0.012,0.02,0.071,0.103,0.068,0.021,0.058,0.18,0.186
28,B2_1,0.043,0.006,0.002,0.002,0.014,0.004,0.005,0.143,0.54,0.166,0.01,0.006,0.01,0.016,0.025,0.008
28,B2_2,0.14,0.019,0.018,0.015,0.057,0.005,0.009,0.48,0.15,0.041,0.005,0.006,0.015,0.015,0.014,0.011
28,B2_3,0.048,0.017,0.011,0.01,0.015,0.004,0.004,0.572,0.227,0.027,0.004,0.003,0.014,0.022,0.012,0.011
28,y1,0.251,0.031,0.021,0.018,0.059,0.045,0.029,0.041,0.033,0.038,0.099,0.1,0.065,0.064,0.067,0.04
28,y2,0.225,0.055,0.024,0.013,0.033,0.022,0.009,0.077,0.041,0.02,0.072,0.172,0.187,0.028,0.013,0.01
28,y3,0.224,0.05,0.03,0.016,0.064,0.025,0.014,0.246,0.058,0.019,0.035,0.056,0.106,0.033,0.013,0.011
30,.,0.064,0.017,0.019,0.042,0.034,0.088,0.053,0.023,0.01,0.024,0.071,0.094,0.059,0.161,0.115,0.124
30,A1_1,0.31,0.01,0.009,0.014,0.101,0.225,0.141,0.011,0.011,0.016,0.011,0.013,0.011,0.028,0.058,0.032
30,A1_2,0.142,0.013,0.018,0.047,0.183,0.096,0.135,0.014,0.016,0.023,0.009,0.014,0.01,0.069,0.107,0.104
30,A1_3,0.137,0.003,0.011,0.013,0.122,0.427,0.108,0.01,0.005,0.02,0.012,0.021,0.008,0.042,0.045,0.018
30,B1_1,0.284,0.069,0.164,0.212,0.028,0.015,0.016,0.019,0.018,0.026,0.009,0.014,0.014,0.033,0.028,0.052
30,B1_2,0.037,0.704,0.017,0.144,0.003,0.001,0.004,0.01,0.004,0.009,0.002,0.002,0.003,0.007,0.012,0.041
30,B1_3,0.11,0.115,0.092,0.271,0.043,0.023,0.038,0.015,0.008,0.018,0.008,0.016,0.011,0.044,0.057,0.131
30,A2_1,0.114,0.002,0.019,0.009,0.017,0.223,0.039,0.008,0.006,0.011,0.128,0.203,0.076,0.085,0.043,0.016
30,A2_2,0.367,0.016,0.017,0.011,0.009,0.028,0.017,0.017,0.036,0.017,0.132,0.105,0.129,0.04,0.038,0.021
30,A2_3,0.096,0.005,0.013,0.009,0.008,0.065,0.017,0.012,0.012,0.014,0.203,0.28,0.131,0.074,0.04,0.02
30,B2_1,0.412,0.012,0.005,0.006,0.007,0.003,0.004,0.068,0.285,0.144,0.006,0.003,0.007,0.018,0.012,0.009
30,B2_2,0.33,0.03,0.013,0.021,0.016,0.014,0.011,0.121,0.101,0.23,0.009,0.005,0.007,0.046,0.027,0.019
30,B2_3,0.565,0.024,0.017,0.017,0.017,0.014,0.011,0.063,0.079,0.127,0.006,0.004,0.006,0.022,0.018,0.01
30,y1,0.491,0.038,0.066,0.069,0.038,0.031,0.023,0.024,0.033,0.036,0.014,0.024,0.02,0.026,0.029,0.038
30,y2,0.612,0.011,0.019,0.019,0.089,0.041,0.044,0.013,0.034,0.022,0.007,0.011,0.011,0.014,0.029,0.024
30,y3,0.437,0.123,0.018,0.033,0.034,0.077,0.074,0.011,0.013,0.013,0.02,0.034,0.022,0.012,0.045,0.034
32,.,0.241,0.036,0.03,0.056,0.022,0.038,0.013,0.036,0.012,0.025,0.039,0.028,0.063,0.21,0.05,0.102
32,A1_1,0.514,0.016,0.019,0.005,0.084,0.127,0.05,0.011,0.017,0.007,0.009,0.023,0.025,0.044,0.019,0.029
32,A1_2,0.159,0.014,0.028,0.009,0.059,0.056,0.339,0.015,0.011,0.009,0.008,0.017,0.01,0.014,0.198,0.056
32,A1_3,0.551,0.019,0.027,0.005,0.103,0.09,0.067,0.012,0.013,0.008,0.007,0.022,0.016,0.021,0.018,0.021
32,B1_1,0.279,0.07,0.129,0.202,0.01,0.008,0.007,0.054,0.004,0.021,0.021,0.006,0.019,0.115,0.022,0.033
32,B1_2,0.366,0.062,0.092,0.101,0.019,0.017,0.014,0.055,0.009,0.024,0.02,0.013,0.025,0.111,0.029,0.041
32,B1_3,0.509,0.06,0.224,0.028,0.033,0.019,0.021,0.031,0.006,0.011,0.004,0.005,0.004,0.023,0.009,0.011
32,A2_1,0.057,0.006,0.002,0.008,0.015,0.017,0.011,0.006,0.005,0.004,0.075,0.388,0.286,0.052,0.021,0.048
32,A2_2,0.196,0.016,0.01,0.038,0.012,0.014,0.009,0.031,0.014,0.021,0.095,0.071,0.144,0.131,0.055,0.142
32,A2_3,0.32,0.016,0.009,0.03,0.014,0.017,0.007,0.027,0.015,0.015,0.081,0.056,0.14,0.148,0.026,0.08
32,B2_1,0.442,0.011,0.014,0.008,0.014,0.022,0.012,0.044,0.066,0.046,0.012,0.009,0.018,0.055,0.062,0.165
32,B2_2,0.509,0.017,0.029,0.011,0.018,0.016,0.018,0.065,0.052,0.054,0.009,0.008,0.01,0.034,0.056,0.093
32,B2_3,0.57,0.016,0.035,0.01,0.019,0.018,0.028,0.051,0.049,0.031,0.007,0.008,0.01,0.03,0.049,0.068
32,y1,0.43,0.052,0.065,0.065,0.032,0.021,0.022,0.043,0.009,0.017,0.031,0.03,0.041,0.081,0.026,0.034
32,y2,0.537,0.043,0.068,0.024,0.052,0.022,0.041,0.037,0.011,0.013,0.016,0.043,0.026,0.029,0.018,0.019
32,y3,0.528,0.022,0.024,0.019,0.035,0.026,0.024,0.027,0.019,0.013,0.03,0.055,0.069,0.051,0.022,0.037
34,.,0.146,0.028,0.022,0.025,0.024,0.026,0.029,0.094,0.058,0.039,0.099,0.022,0.021,0.129,0.113,0.124
34,A1_1,0.035,0.008,0.001,0.002,0.012,0.72,0.105,0.007,0.008,0.005,0.008,0.005,0.005,0.034,0.023,0.023
34,A1_2,0.163,0.021,0.011,0.034,0.061,0.319,0.127,0.026,0.018,0.014,0.008,0.011,0.009,0.114,0.032,0.033
34,A1_3,0.019,0.001,0.0,0.001,0.012,0.876,0.043,0.002,0.002,0.001,0.004,0.002,0.002,0.021,0.007,0.006
34,B1_1,0.267,0.101,0.207,0.117,0.017,0.003,0.01,0.01,0.011,0.013,0.009,0.042,0.023,0.054,0.048,0.066
34,B1_2,0.283,0.085,0.154,0.282,0.031,0.004,0.016,0.009,0.006,0.009,0.002,0.023,0.009,0.053,0.015,0.018
34,B1_3,0.094,0.108,0.028,0.036,0.019,0.02,0.035,0.058,0.024,0.024,0.068,0.019,0.016,0.128,0.165,0.158
34,A2_1,0.41,0.015,0.025,0.015,0.017,0.038,0.022,0.016,0.008,0.009,0.089,0.089,0.084,0.053,0.064,0.047
34,A2_2,0.331,0.004,0.017,0.012,0.016,0.017,0.01,0.028,0.009,0.009,0.342,0.081,0.05,0.031,0.024,0.02
34,A2_3,0.06,0.0,0.001,0.001,0.002,0.007,0.002,0.01,0.001,0.001,0.839,0.026,0.024,0.008,0.011,0.007
34,B2_1,0.223,0.035,0.025,0.031,0.016,0.008,0.02,0.133,0.141,0.126,0.021,0.016,0.016,0.076,0.053,0.062
34,B2_2,0.538,0.006,0.02,0.013,0.016,0.014,0.009,0.089,0.051,0.03,0.021,0.017,0.041,0.047,0.037,0.052
34,B2_3,0.087,0.017,0.014,0.008,0.011,0.017,0.016,0.116,0.146,0.055,0.059,0.009,0.016,0.084,0.123,0.221
34,y1,0.349,0.128,0.07,0.07,0.025,0.021,0.052,0.026,0.043,0.045,0.008,0.04,0.014,0.049,0.024,0.037
34,y2,0.601,0.015,0.022,0.022,0.021,0.025,0.019,0.042,0.012,0.012,0.044,0.046,0.038,0.037,0.022,0.023
34,y3,0.391,0.025,0.019,0.028,0.034,0.135,0.08,0.015,0.009,0.011,0.037,0.081,0.031,0.059,0.025,0.02
36,.,0.091,0.015,0.018,0.051,0.02,0.031,0.02,0.036,0.021,0.023,0.035,0.048,0.039,0.28,0.116,0.156
36,A1_1,0.223,0.007,0.019,0.016,0.113,0.145,0.096,0.017,0.015,0.015,0.017,0.028,0.011,0.079,0.09,0.109
36,A1_2,0.204,0.01,0.052,0.018,0.122,0.107,0.074,0.02,0.018,0.015,0.016,0.012,0.009,0.055,0.07,0.197
36,A1_3,0.116,0.005,0.013,0.01,0.306,0.219,0.079,0.009,0.011,0.007,0.004,0.011,0.006,0.041,0.125,0.038
36,B1_1,0.039,0.125,0.074,0.383,0.006,0.007,0.007,0.012,0.004,0.008,0.013,0.035,0.044,0.139,0.057,0.047
36,B1_2,0.096,0.148,0.06,0.171,0.018,0.016,0.013,0.028,0.017,0.018,0.015,0.043,0.037,0.179,0.076,0.063
36,B1_3,0.122,0.061,0.112,0.103,0.017,0.016,0.018,0.033,0.021,0.02,0.03,0.027,0.031,0.133,0.055,0.2
36,A2_1,0.08,0.007,0.005,0.035,0.008,0.018,0.008,0.017,0.01,0.012,0.077,0.117,0.075,0.376,0.078,0.077
36,A2_2,0.331,0.006,0.014,0.009,0.028,0.036,0.023,0.025,0.029,0.019,0.089,0.057,0.025,0.113,0.032,0.164
36,A2_3,0.252,0.01,0.009,0.02,0.025,0.043,0.025,0.021,0.02,0.017,0.067,0.105,0.038,0.199,0.058,0.09
36,B2_1,0.113,0.011,0.005,0.013,0.021,0.017,0.018,0.12,0.101,0.085,0.018,0.05,0.022,0.224,0.085,0.096
36,B2_2,0.058,0.012,0.016,0.016,0.005,0.004,0.007,0.163,0.053,0.103,0.018,0.012,0.012,0.105,0.023,0.394
36,B2_3,0.086,0.01,0.008,0.015,0.018,0.014,0.016,0.157,0.084,0.106,0.016,0.027,0.018,0.174,0.071,0.179
36,y1,0.275,0.04,0.054,0.05,0.027,0.018,0.027,0.04,0.042,0.031,0.041,0.085,0.039,0.101,0.044,0.087
36,y2,0.444,0.018,0.023,0.015,0.057,0.04,0.06,0.022,0.037,0.021,0.025,0.089,0.018,0.055,0.035,0.041
36,y3,0.392,0.013,0.025,0.009,0.135,0.066,0.058,0.029,0.044,0.024,0.016,0.033,0.011,0.04,0.041,0.064
38,.,0.091,0.028,0.01,0.005,0.018,0.276,0.012,0.022,0.01,0.01,0.02,0.011,0.01,0.046,0.181,0.248
38,A1_1,0.282,0.017,0.024,0.022,0.104,0.053,0.034,0.022,0.019,0.022,0.026,0.034,0.039,0.073,0.184,0.045
38,A1_2,0.228,0.01,0.02,0.014,0.185,0.072,0.035,0.018,0.017,0.009,0.011,0.024,0.02,0.068,0.234,0.035
38,A1_3,0.304,0.008,0.02,0.017,0.258,0.044,0.034,0.018,0.018,0.009,0.007,0.019,0.018,0.043,0.164,0.018
38,B1_1,0.17,0.036,0.191,0.465,0.017,0.004,0.006,0.008,0.009,0.007,0.009,0.009,0.011,0.017,0.035,0.007
38,B1_2,0.316,0.051,0.057,0.046,0.023,0.014,0.014,0.075,0.027,0.016,0.026,0.023,0.043,0.043,0.159,0.065
38,B1_3,0.215,0.079,0.109,0.064,0.032,0.019,0.009,0.033,0.014,0.002,0.007,0.011,0.019,0.022,0.323,0.041
38,A2_1,0.143,0.01,0.02,0.022,0.017,0.004,0.011,0.01,0.01,0.016,0.084,0.162,0.286,0.086,0.093,0.024
38,A2_2,0.122,0.024,0.01,0.006,0.011,0.013,0.009,0.026,0.012,0.011,0.049,0.074,0.302,0.06,0.155,0.116
38,A2_3,0.223,0.02,0.015,0.014,0.018,0.017,0.011,0.028,0.016,0.019,0.08,0.1,0.188,0.062,0.109,0.08
38,B2_1,0.312,0.013,0.024,0.023,0.048,0.02,0.023,0.074,0.045,0.057,0.016,0.017,0.026,0.073,0.15,0.08
38,B2_2,0.375,0.007,0.009,0.015,0.029,0.011,0.02,0.083,0.042,0.275,0.024,0.01,0.012,0.035,0.021,0.03
38,B2_3,0.38,0.008,0.011,0.006,0.031,0.008,0.017,0.292,0.053,0.047,0.008,0.007,0.008,0.027,0.063,0.035
38,y1,0.473,0.012,0.026,0.038,0.073,0.005,0.023,0.048,0.036,0.047,0.018,0.027,0.062,0.04,0.056,0.016
38,y2,0.478,0.024,0.033,0.035,0.047,0.011,0.019,0.094,0.038,0.036,0.018,0.017,0.028,0.031,0.063,0.028
38,y3,0.382,0.064,0.027,0.028,0.04,0.06,0.025,0.042,0.02,0.039,0.058,0.023,0.033,0.035,0.071,0.051
40,.,0.109,0.043,0.035,0.038,0.098,0.034,0.026,0.024,0.099,0.022,0.011,0.022,0.022,0.197,0.086,0.133
40,A1_1,0.081,0.024,0.013,0.019,0.172,0.043,0.029,0.009,0.029,0.005,0.009,0.017,0.039,0.153,0.226,0.132
40,A1_2,0.056,0.005,0.002,0.008,0.615,0.048,0.019,0.009,0.016,0.004,0.006,0.003,0.009,0.018,0.018,0.165
40,A1_3,0.068,0.006,0.003,0.007,0.671,0.06,0.012,0.005,0.012,0.005,0.004,0.006,0.022,0.022,0.023,0.074
40,B1_1,0.208,0.045,0.16,0.062,0.014,0.033,0.03,0.016,0.053,0.022,0.01,0.032,0.02,0.204,0.064,0.027
40,B1_2,0.178,0.031,0.059,0.139,0.031,0.036,0.039,0.053,0.052,0.017,0.045,0.016,0.016,0.105,0.048,0.135
40,B1_3,0.101,0.082,0.116,0.083,0.055,0.029,0.039,0.018,0.096,0.013,0.01,0.016,0.007,0.171,0.042,0.121
40,A2_1,0.177,0.012,0.012,0.009,0.03,0.031,0.013,0.011,0.006,0.009,0.043,0.098,0.381,0.046,0.098,0.023
40,A2_2,0.067,0.006,0.003,0.004,0.006,0.006,0.003,0.007,0.003,0.004,0.068,0.08,0.596,0.02,0.114,0.011
40,A2_3,0.246,0.007,0.011,0.006,0.015,0.029,0.015,0.018,0.005,0.014,0.061,0.106,0.375,0.029,0.048,0.017
40,B2_1,0.053,0.014,0.008,0.015,0.017,0.006,0.012,0.052,0.553,0.055,0.007,0.004,0.003,0.08,0.022,0.099
40,B2_2,0.202,0.005,0.006,0.007,0.018,0.025,0.034,0.155,0.128,0.063,0.023,0.015,0.028,0.107,0.061,0.122
40,B2_3,0.09,0.022,0.013,0.02,0.047,0.019,0.029,0.043,0.308,0.023,0.008,0.007,0.007,0.145,0.066,0.154
40,y1,0.347,0.011,0.019,0.017,0.124,0.094,0.038,0.015,0.01,0.012,0.037,0.04,0.12,0.033,0.041,0.044
40,y2,0.375,0.011,0.022,0.014,0.138,0.082,0.045,0.024,0.047,0.041,0.018,0.022,0.037,0.045,0.024,0.054
40,y3,0.408,0.014,0.047,0.035,0.021,0.051,0.069,0.041,0.027,0.018,0.057,0.032,0.039,0.053,0.037,0.049
42,.,0.12,0.024,0.06,0.027,0.027,0.046,0.036,0.022,0.022,0.033,0.179,0.037,0.033,0.084,0.123,0.127
42,A1_1,0.558,0.005,0.005,0.005,0.04,0.046,0.054,0.015,0.031,0.022,0.009,0.009,0.031,0.098,0.033,0.04
42,A1_2,0.474,0.009,0.005,0.004,0.09,0.042,0.096,0.009,0.018,0.009,0.005,0.009,0.014,0.138,0.031,0.049
42,A1_3,0.252,0.012,0.03,0.013,0.132,0.121,0.082,0.012,0.012,0.01,0.019,0.025,0.013,0.094,0.051,0.121
42,B1_1,0.07,0.076,0.273,0.108,0.024,0.046,0.021,0.017,0.012,0.028,0.071,0.026,0.012,0.032,0.111,0.073
42,B1_2,0.285,0.253,0.071,0.093,0.009,0.009,0.04,0.025,0.025,0.035,0.015,0.008,0.031,0.032,0.05,0.018
42,B1_3,0.182,0.276,0.138,0.108,0.019,0.024,0.046,0.017,0.008,0.017,0.022,0.011,0.016,0.032,0.05,0.034
42,A2_1,0.298,0.011,0.016,0.01,0.021,0.02,0.016,0.023,0.019,0.023,0.141,0.033,0.146,0.093,0.059,0.07
42,A2_2,0.125,0.003,0.005,0.006,0.001,0.003,0.004,0.008,0.006,0.01,0.21,0.017,0.569,0.013,0.009,0.011
42,A2_3,0.029,0.002,0.007,0.004,0.001,0.004,0.002,0.005,0.002,0.007,0.698,0.019,0.177,0.011,0.014,0.019
42,B2_1,0.064,0.01,0.016,0.01,0.008,0.012,0.024,0.032,0.412,0.081,0.01,0.006,0.003,0.052,0.209,0.051
42,B2_2,0.16,0.012,0.02,0.015,0.014,0.016,0.02,0.085,0.158,0.136,0.027,0.017,0.012,0.072,0.167,0.069
42,B2_3,0.084,0.004,0.008,0.004,0.016,0.014,0.02,0.037,0.339,0.052,0.012,0.011,0.004,0.096,0.202,0.095
42,y1,0.52,0.032,0.019,0.026,0.025,0.022,0.08,0.042,0.051,0.034,0.007,0.014,0.03,0.038,0.031,0.029
42,y2,0.588,0.014,0.008,0.014,0.009,0.01,0.028,0.025,0.061,0.031,0.013,0.011,0.115,0.033,0.024,0.016
42,y3,0.319,0.012,0.011,0.022,0.002,0.007,0.008,0.007,0.006,0.008,0.04,0.011,0.527,0.008,0.005,0.006
44,.,0.116,0.022,0.021,0.029,0.062,0.066,0.048,0.048,0.055,0.072,0.014,0.019,0.022,0.14,0.166,0.098
44,A1_1,0.079,0.007,0.011,0.006,0.085,0.415,0.055,0.013,0.01,0.032,0.004,0.012,0.024,0.064,0.141,0.042
44,A1_2,0.043,0.014,0.012,0.01,0.701,0.029,0.034,0.006,0.005,0.008,0.004,0.004,0.003,0.036,0.055,0.037
44,A1_3,0.102,0.023,0.02,0.027,0.371,0.04,0.055,0.019,0.02,0.03,0.009,0.009,0.008,0.099,0.094,0.076
44,B1_1,0.123,0.093,0.054,0.368,0.027,0.01,0.021,0.022,0.026,0.032,0.017,0.01,0.007,0.098,0.045,0.047
44,B1_2,0.067,0.169,0.07,0.232,0.064,0.011,0.029,0.017,0.029,0.026,0.016,0.013,0.008,0.092,0.082,0.076
44,B1_3,0.068,0.111,0.14,0.357,0.034,0.007,0.015,0.006,0.015,0.015,0.027,0.01,0.008,0.068,0.058,0.06
44,A2_1,0.156,0.005,0.01,0.009,0.013,0.065,0.013,0.021,0.013,0.027,0.091,0.201,0.131,0.051,0.099,0.095
44,A2_2,0.339,0.009,0.025,0.033,0.016,0.023,0.01,0.024,0.018,0.03,0.116,0.108,0.06,0.05,0.075,0.065
44,A2_3,0.14,0.02,0.027,0.046,0.021,0.007,0.008,0.016,0.013,0.015,0.221,0.194,0.049,0.046,0.064,0.112
44,B2_1,0.159,0.016,0.01,0.025,0.031,0.026,0.039,0.142,0.133,0.15,0.009,0.009,0.011,0.108,0.066,0.068
44,B2_2,0.195,0.005,0.003,0.011,0.022,0.009,0.017,0.315,0.144,0.133,0.008,0.007,0.006,0.058,0.034,0.035
44,B2_3,0.352,0.006,0.007,0.024,0.01,0.007,0.012,0.136,0.108,0.109,0.027,0.023,0.013,0.077,0.043,0.047
44,y1,0.555,0.015,0.007,0.055,0.036,0.014,0.016,0.136,0.021,0.06,0.017,0.013,0.006,0.021,0.009,0.017
44,y2,0.646,0.01,0.008,0.033,0.056,0.026,0.017,0.075,0.014,0.049,0.011,0.008,0.006,0.017,0.012,0.012
44,y3,0.476,0.006,0.003,0.016,0.01,0.031,0.015,0.235,0.027,0.096,0.011,0.019,0.011,0.018,0.009,0.015
46,.,0.053,0.01,0.037,0.013,0.015,0.008,0.007,0.016,0.019,0.024,0.017,0.015,0.029,0.199,0.265,0.272
46,A1_1,0.095,0.006,0.027,0.009,0.155,0.058,0.36,0.019,0.023,0.02,0.01,0.008,0.007,0.071,0.045,0.087
46,A1_2,0.039,0.003,0.005,0.003,0.149,0.025,0.687,0.005,0.007,0.005,0.004,0.004,0.004,0.033,0.01,0.016
46,A1_3,0.111,0.004,0.005,0.004,0.259,0.051,0.388,0.009,0.012,0.006,0.008,0.012,0.01,0.063,0.018,0.038
46,B1_1,0.04,0.018,0.754,0.057,0.003,0.008,0.005,0.004,0.012,0.005,0.005,0.002,0.002,0.009,0.026,0.05
46,B1_2,0.228,0.127,0.145,0.203,0.014,0.012,0.012,0.025,0.013,0.011,0.021,0.015,0.018,0.038,0.063,0.056
46,B1_3,0.569,0.072,0.044,0.116,0.008,0.012,0.006,0.022,0.017,0.005,0.029,0.022,0.024,0.018,0.017,0.017
46,A2_1,0.558,0.011,0.005,0.014,0.02,0.021,0.014,0.023,0.02,0.018,0.059,0.049,0.093,0.045,0.027,0.021
46,A2_2,0.317,0.009,0.008,0.014,0.011,0.013,0.007,0.011,0.017,0.012,0.094,0.056,0.25,0.097,0.042,0.042
46,A2_3,0.353,0.014,0.011,0.018,0.019,0.017,0.015,0.028,0.02,0.018,0.085,0.056,0.103,0.127,0.057,0.059
46,B2_1,0.182,0.006,0.034,0.01,0.008,0.015,0.007,0.072,0.083,0.137,0.023,0.018,0.018,0.073,0.196,0.119
46,B2_2,0.116,0.007,0.038,0.012,0.009,0.015,0.012,0.104,0.059,0.268,0.012,0.008,0.007,0.037,0.216,0.081
46,B2_3,0.255,0.014,0.013,0.019,0.018,0.02,0.026,0.197,0.054,0.118,0.02,0.016,0.011,0.055,0.105,0.057
46,y1,0.607,0.006,0.005,0.011,0.011,0.021,0.012,0.02,0.036,0.023,0.049,0.038,0.111,0.022,0.016,0.01
46,y2,0.683,0.007,0.008,0.013,0.016,0.032,0.019,0.016,0.029,0.016,0.043,0.029,0.054,0.015,0.01,0.009
46,y3,0.508,0.006,0.023,0.013,0.033,0.07,0.058,0.025,0.073,0.047,0.029,0.019,0.032,0.019,0.023,0.023
48,.,0.101,0.016,0.012,0.01,0.011,0.019,0.02,0.15,0.058,0.033,0.029,0.037,0.053,0.102,0.277,0.072
48,A1_1,0.347,0.014,0.011,0.015,0.051,0.042,0.17,0.041,0.025,0.023,0.017,0.016,0.027,0.062,0.057,0.085
48,A1_2,0.132,0.008,0.01,0.011,0.093,0.053,0.445,0.008,0.009,0.005,0.006,0.007,0.009,0.056,0.029,0.118
48,A1_3,0.214,0.009,0.009,0.01,0.083,0.071,0.295,0.024,0.024,0.017,0.008,0.013,0.017,0.063,0.051,0.092
48,B1_1,0.198,0.044,0.11,0.236,0.016,0.026,0.014,0.013,0.025,0.019,0.011,0.008,0.008,0.093,0.054,0.126
48,B1_2,0.254,0.076,0.058,0.116,0.02,0.017,0.023,0.023,0.036,0.021,0.015,0.012,0.009,0.137,0.075,0.108
48,B1_3,0.138,0.203,0.036,0.062,0.007,0.006,0.013,0.015,0.015,0.014,0.015,0.016,0.013,0.262,0.108,0.077
48,A2_1,0.244,0.022,0.011,0.012,0.016,0.022,0.031,0.03,0.016,0.025,0.064,0.051,0.072,0.12,0.143,0.119
48,A2_2,0.377,0.011,0.006,0.01,0.012,0.017,0.025,0.038,0.009,0.024,0.112,0.07,0.157,0.025,0.071,0.036
48,A2_3,0.306,0.018,0.007,0.009,0.014,0.015,0.018,0.036,0.014,0.025,0.141,0.099,0.11,0.038,0.113,0.038
48,B2_1,0.277,0.011,0.01,0.01,0.01,0.019,0.007,0.124,0.118,0.119,0.027,0.022,0.018,0.051,0.136,0.038
48,B2_2,0.184,0.004,0.003,0.004,0.004,0.004,0.006,0.51,0.097,0.066,0.01,0.006,0.013,0.018,0.059,0.012
48,B2_3,0.417,0.009,0.01,0.014,0.022,0.022,0.01,0.077,0.179,0.107,0.014,0.009,0.005,0.028,0.052,0.026
48,y1,0.638,0.032,0.01,0.024,0.027,0.019,0.04,0.019,0.019,0.037,0.022,0.02,0.017,0.027,0.029,0.019
48,y2,0.625,0.008,0.012,0.022,0.052,0.059,0.037,0.008,0.018,0.04,0.025,0.019,0.013,0.014,0.02,0.03
48,y3,0.681,0.014,0.007,0.016,0.035,0.022,0.056,0.019,0.017,0.032,0.019,0.014,0.014,0.016,0.019,0.017
50,.,0.152,0.049,0.04,0.053,0.069,0.037,0.036,0.036,0.027,0.063,0.059,0.019,0.011,0.154,0.105,0.091
50,A1_1,0.515,0.019,0.024,0.021,0.042,0.058,0.043,0.016,0.05,0.033,0.005,0.009,0.018,0.048,0.053,0.046
50,A1_2,0.129,0.017,0.026,0.008,0.226,0.08,0.211,0.01,0.019,0.011,0.005,0.008,0.007,0.041,0.076,0.126
50,A1_3,0.209,0.012,0.02,0.014,0.168,0.115,0.117,0.012,0.017,0.024,0.017,0.019,0.022,0.059,0.084,0.094
50,B1_1,0.256,0.148,0.073,0.159,0.011,0.017,0.009,0.025,0.022,0.05,0.008,0.007,0.007,0.145,0.032,0.03
50,B1_2,0.174,0.228,0.053,0.152,0.008,0.014,0.006,0.044,0.022,0.049,0.016,0.009,0.008,0.142,0.035,0.04
50,B1_3,0.141,0.297,0.079,0.113,0.009,0.013,0.007,0.03,0.017,0.022,0.011,0.011,0.008,0.145,0.042,0.056
50,A2_1,0.269,0.025,0.022,0.012,0.027,0.048,0.026,0.019,0.023,0.01,0.033,0.065,0.071,0.067,0.151,0.131
